anode_ocv_table_start
4=col
0xf5314fce=crc
0.8006000000, 0.7551432510, 0.7130864990, 0.6770890010
0.6446260000, 0.6151122730, 0.5874335010, 0.5605792490
0.5347360010, 0.5098557500, 0.4856150000, 0.4624059100
0.4410174540, 0.4201595010, 0.4015410000, 0.3832225000
0.3662127280, 0.3498660000, 0.3348578180, 0.3201895460
0.3068200000, 0.2947356370, 0.2843870910, 0.2759816360
0.2694385460, 0.2642979170, 0.2599781670, 0.2563637270
0.2530843640, 0.2490412730, 0.2455983340, 0.2409588330
0.2360193330, 0.2311798330, 0.2264440000, 0.2215009090
0.2178806670, 0.2145609170, 0.2114411670, 0.2085000000
0.2058016670, 0.2033802730, 0.2013621670, 0.1991424170
0.1970000000, 0.1953000000, 0.1936000000, 0.1918399090
0.1905385460, 0.1900000000, 0.1886000000, 0.1873000000
0.1860000000, 0.1848399090, 0.1836183640, 0.1824970830
0.1813773330, 0.1802000000, 0.1790412730, 0.1778197270
0.1766000000, 0.1754000000, 0.1740588330, 0.1726390830
0.1712000000, 0.1696000000, 0.1679000000, 0.1662000000
0.1644403330, 0.1626000000, 0.1608008330, 0.1590793640
0.1573613330, 0.1558415830, 0.1544000000, 0.1531020830
0.1520000000, 0.1510000000, 0.1502000000, 0.1495000000
0.1490000000, 0.1485000000, 0.1482000000, 0.1479000000
0.1479000000, 0.1479000000, 0.1482000000, 0.1486000000
0.1491596360, 0.1499000000, 0.1508000000, 0.1517222500
0.1530420000, 0.1543000000, 0.1556798180, 0.1567000000
0.1569000000, 0.1553592500, 0.1499790000, 0.1360185000
0.0976000000, 0.8001000000, 0.7470837500, 0.7004918340
0.6588810010, 0.6212323340, 0.5875512510, 0.5574965000
0.5303260010, 0.5050176670, 0.4808500840, 0.4572825010
0.4340253650, 0.4113698180, 0.3899550910, 0.3700789100
0.3521020840, 0.3357773330, 0.3209912500, 0.3076286670
0.2953043330, 0.2814750000, 0.2624759090, 0.2490716360
0.2425564550, 0.2388790000, 0.2361979170, 0.2340183640
0.2316390000, 0.2275192730, 0.2204408180, 0.2132008330
0.2068592500, 0.2011773330, 0.1956575830, 0.1906765000
0.1863908330, 0.1825312730, 0.1792725460, 0.1763569090
0.1737775460, 0.1712983330, 0.1692000000, 0.1673000000
0.1655000000, 0.1640807270, 0.1627012500, 0.1616000000
0.1606000000, 0.1597000000, 0.1589000000, 0.1581000000
0.1574000000, 0.1568000000, 0.1561000000, 0.1555000000
0.1549000000, 0.1543000000, 0.1536399090, 0.1529000000
0.1521811820, 0.1512000000, 0.1501205830, 0.1487790000
0.1471000000, 0.1451000000, 0.1426962500, 0.1399165460
0.1371371820, 0.1344578180, 0.1319784550, 0.1299000000
0.1281000000, 0.1266403640, 0.1254000000, 0.1243816360
0.1235000000, 0.1227210000, 0.1221000000, 0.1216000000
0.1211222500, 0.1208000000, 0.1205000000, 0.1203000000
0.1202417270, 0.1202000000, 0.1202000000, 0.1203000000
0.1205591820, 0.1209000000, 0.1212000000, 0.1217000000
0.1222785830, 0.1227000000, 0.1231000000, 0.1231000000
0.1224000000, 0.1205000000, 0.1159761820, 0.1065349090
0.0880555450, 0.0438000000, 0.8013000000, 0.7422187520
0.6953181820, 0.6543727270, 0.6167000000, 0.5820613620
0.5508000000, 0.5229812500, 0.4978500000, 0.4745187500
0.4521875000, 0.4304522740, 0.4088250000, 0.3876375000
0.3675250000, 0.3488937500, 0.3321000000, 0.3168977280
0.3030772730, 0.2904545450, 0.2792750000, 0.2691187500
0.2522181820, 0.2393318180, 0.2342454550, 0.2314000000
0.2293045460, 0.2274000000, 0.2253666670, 0.2201045460
0.2116636360, 0.2047113640, 0.1981833330, 0.1912458340
0.1849541670, 0.1800354170, 0.1759166670, 0.1720977270
0.1682791670, 0.1647208330, 0.1615416670, 0.1588229170
0.1566000000, 0.1547000000, 0.1531000000, 0.1517431820
0.1506291670, 0.1497000000, 0.1488000000, 0.1481000000
0.1474000000, 0.1469000000, 0.1463090910, 0.1458895840
0.1454000000, 0.1450000000, 0.1445000000, 0.1440159090
0.1435000000, 0.1429000000, 0.1421000000, 0.1410000000
0.1395000000, 0.1374022730, 0.1346833330, 0.1314645830
0.1280458330, 0.1249270830, 0.1222083330, 0.1200886370
0.1183681820, 0.1169520830, 0.1158000000, 0.1149000000
0.1141000000, 0.1134000000, 0.1128000000, 0.1123000000
0.1118136360, 0.1115000000, 0.1111000000, 0.1108000000
0.1105000000, 0.1102000000, 0.1099000000, 0.1097812500
0.1095681820, 0.1094000000, 0.1092272730, 0.1092000000
0.1090125000, 0.1089000000, 0.1088500000, 0.1086340910
0.1083000000, 0.1075000000, 0.1055750000, 0.1009125000
0.0903500000, 0.0684499990, 0.0262000000, 0.8007884660
0.7298848230, 0.6789641980, 0.6364591460, 0.5987120150
0.5646132850, 0.5340636360, 0.5067859390, 0.4820578720
0.4591343380, 0.4370875860, 0.4154403930, 0.3939114250
0.3728670010, 0.3529940900, 0.3347298670, 0.3182367930
0.3031882220, 0.2894822320, 0.2764140020, 0.2635749260
0.2503968680, 0.2385422340, 0.2314692560, 0.2289350950
0.2264009330, 0.2238238000, 0.2204722570, 0.2171207130
0.2101377280, 0.2026603900, 0.1957315060, 0.1885724900
0.1818140230, 0.1762396770, 0.1719688280, 0.1677302740
0.1630634850, 0.1588419030, 0.1554709930, 0.1521000820
0.1492465630, 0.1464088750, 0.1439126440, 0.1433345590
0.1427564740, 0.1421783890, 0.1416003040, 0.1410222190
0.1404441340, 0.1398660490, 0.1392879640, 0.1387098790
0.1381317940, 0.1375537090, 0.1369756240, 0.1363975400
0.1355935870, 0.1342922990, 0.1329910110, 0.1316897240
0.1303884360, 0.1290871490, 0.1273169420, 0.1231661150
0.1192162570, 0.1159125700, 0.1126088840, 0.1114373460
0.1107475620, 0.1100577780, 0.1093679940, 0.1086782100
0.1079884260, 0.1072986420, 0.1066088570, 0.1059190730
0.1052292890, 0.1045395050, 0.1039032620, 0.1034592330
0.1030152050, 0.1025711760, 0.1021271470, 0.1016831180
0.1012390890, 0.1007950610, 0.1003510320, 0.0999070030
0.0994629740, 0.0990189450, 0.0985749170, 0.0981308880
0.0976868590, 0.0972428300, 0.0967988010, 0.0963547730
0.0943103670, 0.0845431770, 0.0659198990, 0.0292708520
anode_ocv_table_end
weight_table_start
4=col
0xdef1c682=crc
0.5696521170, 0.5665272950, 0.5604650380, 0.5514653450
0.5395282180, 0.5235422140, 0.5045976600, 0.4864606070
0.4711749190, 0.4596576880, 0.4506735030, 0.4422954150
0.4332562940, 0.4229108260, 0.4131179990, 0.4041483950
0.3950043710, 0.3857254410, 0.3759897410, 0.3645108520
0.3544359350, 0.3466711860, 0.3401824740, 0.3371227800
0.3363293680, 0.3361903080, 0.3333920890, 0.3287580410
0.3227766410, 0.3145324170, 0.3066033420, 0.2993885510
0.2932824480, 0.2882207690, 0.2837632220, 0.2798584010
0.2764196500, 0.2732923360, 0.2703586700, 0.2677208550
0.2655239950, 0.2638159660, 0.2625060920, 0.2614635280
0.2606017800, 0.2598719910, 0.2592255090, 0.2586656840
0.2581597840, 0.2554706580, 0.2531440320, 0.2575402540
0.2704084820, 0.2923461950, 0.3167079020, 0.3367849630
0.3474427210, 0.3473673350, 0.3440127000, 0.3400589060
0.3408723590, 0.3421576610, 0.3416834980, 0.3391698620
0.3355254690, 0.3319278340, 0.3294932220, 0.3289037660
0.3300034250, 0.3322590120, 0.3352371630, 0.3387845300
0.3428006420, 0.3472251260, 0.3519722470, 0.3571018590
0.3625501030, 0.3683439540, 0.3744878210, 0.3809071160
0.3875718960, 0.3943705920, 0.4012451090, 0.4081202490
0.4149728650, 0.4218033370, 0.4286005020, 0.4354074090
0.4422525080, 0.4490911730, 0.4559216390, 0.4627513260
0.4695810120, 0.4764106990, 0.4832403850, 0.4900700720
0.4968997590, 0.5037294450, 0.5105591320, 0.5173888180
0.5242185050, 0.5994328840, 0.5963407040, 0.5893214050
0.5783749860, 0.5635014470, 0.5411318530, 0.5174357130
0.4952167250, 0.4771180430, 0.4624609730, 0.4495996000
0.4374970660, 0.4255870430, 0.4135096980, 0.4014150650
0.3908583030, 0.3817228520, 0.3740940570, 0.3670445400
0.3598360370, 0.3510462960, 0.3404774280, 0.3290521730
0.3179492250, 0.3091268790, 0.3022553860, 0.2970751760
0.2916465260, 0.2854343500, 0.2786879750, 0.2710726560
0.2645618830, 0.2588037600, 0.2552454770, 0.2536107790
0.2528754380, 0.2522126460, 0.2505933880, 0.2484346280
0.2453910930, 0.2419456420, 0.2394951170, 0.2375403020
0.2360327480, 0.2349177370, 0.2341550530, 0.2321004110
0.2327443750, 0.2357997690, 0.2393908420, 0.2478886350
0.2586911530, 0.2691611220, 0.2765854890, 0.2808823760
0.2814130090, 0.2757399880, 0.2715713230, 0.2680195470
0.2661111820, 0.2663365810, 0.2675929120, 0.2675284340
0.2656057160, 0.2627655740, 0.2601161000, 0.2587570730
0.2594299810, 0.2618935050, 0.2640795910, 0.2685517830
0.2757675900, 0.2827592320, 0.2935312600, 0.3073224340
0.3218762510, 0.3348614350, 0.3461137660, 0.3566776610
0.3641119470, 0.3708578150, 0.3795440670, 0.3888121080
0.3985036690, 0.4085739390, 0.4189412610, 0.4294729580
0.4400515010, 0.4506830050, 0.4613378750, 0.4719918810
0.4826524330, 0.4933529200, 0.5040474820, 0.5146923350
0.5253647730, 0.5360328080, 0.5467013610, 0.5573699140
0.5680384670, 0.5787070210, 0.6562684920, 0.6520757590
0.6440024630, 0.6320486030, 0.6162141790, 0.5928462960
0.5676072830, 0.5448146950, 0.5271715170, 0.5135681010
0.5020704510, 0.4911229650, 0.4797529980, 0.4659758280
0.4537833990, 0.4458341470, 0.4402415960, 0.4355097050
0.4299015290, 0.4224510630, 0.4117708070, 0.3997329410
0.3883764120, 0.3777561400, 0.3684992260, 0.3597809370
0.3540404160, 0.3524953220, 0.3524153460, 0.3525094670
0.3515735660, 0.3485871180, 0.3427563070, 0.3352481180
0.3298943310, 0.3252343850, 0.3214201130, 0.3185149240
0.3162666760, 0.3144242910, 0.3128234640, 0.3114184130
0.3101715220, 0.3090500360, 0.3062071100, 0.3061414610
0.3091951300, 0.3171774640, 0.3279428320, 0.3392164490
0.3485110490, 0.3531740540, 0.3560681550, 0.3562944030
0.3572966820, 0.3567016250, 0.3547610300, 0.3523370470
0.3505007960, 0.3500741170, 0.3516352300, 0.3546845610
0.3573725060, 0.3584322700, 0.3576616660, 0.3555687880
0.3529994570, 0.3509242350, 0.3501106610, 0.3504648030
0.3513838190, 0.3521613760, 0.3500015380, 0.3532334600
0.3648049420, 0.3825019070, 0.4035350090, 0.4247349250
0.4424973320, 0.4529868050, 0.4598556420, 0.4695179540
0.4789694380, 0.4879372210, 0.4960541430, 0.5030601310
0.5085178050, 0.5129485710, 0.5169106850, 0.5208158600
0.5249158500, 0.5293522730, 0.5339647080, 0.5383479310
0.5426657340, 0.5470199180, 0.5513741020, 0.5557282860
0.5600824700, 0.5644366530, 0.5687908370, 0.6742770030
0.6662054980, 0.6547411060, 0.6398838270, 0.6216336620
0.5975161390, 0.5708828760, 0.5459366370, 0.5248517640
0.5074661140, 0.4923017080, 0.4777820770, 0.4631407520
0.4466902510, 0.4314213590, 0.4199303240, 0.4117030210
0.4053323670, 0.3988149620, 0.3907684520, 0.3802834770
0.3673923530, 0.3545447140, 0.3428439280, 0.3330002790
0.3247782940, 0.3174612730, 0.3120850230, 0.3077815290
0.3032302880, 0.2986650770, 0.2929362830, 0.2885805840
0.2847975580, 0.2823191420, 0.2812162300, 0.2803515460
0.2788358770, 0.2757475960, 0.2727935860, 0.2701003010
0.2676127160, 0.2652524500, 0.2628166910, 0.2612021560
0.2604290850, 0.2604579190, 0.2612633400, 0.2624719470
0.2623900200, 0.2642441050, 0.2681444310, 0.2732365080
0.2778988390, 0.2805896460, 0.2804234510, 0.2772810600
0.2742197370, 0.2728533410, 0.2738228790, 0.2763046680
0.2792821310, 0.2823318810, 0.2847454840, 0.2854899100
0.2846135150, 0.2832023930, 0.2819273330, 0.2813645890
0.2828230450, 0.2861121620, 0.2912001010, 0.2976351620
0.3017885240, 0.3034660770, 0.3042142170, 0.3060138000
0.3104034730, 0.3185941740, 0.3309251800, 0.3444193020
0.3569827080, 0.3699239110, 0.3832081540, 0.3968917040
0.4106706750, 0.4246250710, 0.4386494890, 0.4525547040
0.4664959910, 0.4804554710, 0.4944159700, 0.5083466340
0.5222876560, 0.5362286780, 0.5501696990, 0.5641107210
0.5780517430, 0.5919927640, 0.6059337860, 0.6198748080
weight_table_end
origin_ocv_table_start
4=col
0x18c1cba9=crc
2.9997000000, 3.0773404490, 3.1387138910, 3.1912876480
3.2390000000, 3.2809089640, 3.3196000000, 3.3550321120
3.3876944590, 3.4182000000, 3.4470441980, 3.4753000000
3.5013000000, 3.5249000000, 3.5472000000, 3.5659558500
3.5832000000, 3.5993000000, 3.6132679770, 3.6266000000
3.6428069330, 3.6643693070, 3.6743000000, 3.6799000000
3.6848000000, 3.6886000000, 3.6929000000, 3.6991000000
3.7084000000, 3.7196000000, 3.7295000000, 3.7394000000
3.7506000000, 3.7605000000, 3.7692000000, 3.7779000000
3.7865000000, 3.7946000000, 3.8027224370, 3.8101000000
3.8172353270, 3.8237000000, 3.8306000000, 3.8368000000
3.8433332330, 3.8499739380, 3.8566000000, 3.8634000000
3.8702000000, 3.8777000000, 3.8845000000, 3.8926000000
3.8996238460, 3.9081000000, 3.9155000000, 3.9242000000
3.9329000000, 3.9414810510, 3.9508000000, 3.9601000000
3.9707000000, 3.9818000000, 3.9936000000, 4.0073000000
4.0209000000, 4.0358000000, 4.0500000000, 4.0643000000
4.0778538230, 4.0900577890, 4.1028000000, 4.1157791530
4.1279986550, 4.1406000000, 4.1530000000, 4.1648000000
4.1772000000, 4.1889000000, 4.2013000000, 4.2137000000
4.2261000000, 4.2379890450, 4.2497000000, 4.2615000000
4.2733000000, 4.2850000000, 4.2962000000, 4.3067000000
4.3173000000, 4.3278000000, 4.3377000000, 4.3477000000
4.3576000000, 4.3669000000, 4.3768000000, 4.3867000000
4.3973000000, 4.4076945730, 4.4221000000, 4.4426855500
4.5014000000, 2.9997000000, 3.0835589870, 3.1445196780
3.1945839250, 3.2390489000, 3.2800587670, 3.3185961330
3.3536312530, 3.3844290050, 3.4119880670, 3.4369398070
3.4615923370, 3.4849045930, 3.5088328420, 3.5315501760
3.5533386600, 3.5731515770, 3.5905468060, 3.6062428570
3.6209734550, 3.6347324550, 3.6466998320, 3.6612513770
3.6792430050, 3.6888142090, 3.6946857140, 3.6991707050
3.7041840560, 3.7095116700, 3.7176824790, 3.7283106800
3.7392389070, 3.7496672050, 3.7613722800, 3.7722921590
3.7819759590, 3.7910077770, 3.7999235330, 3.8098285710
3.8189806520, 3.8280379220, 3.8367475200, 3.8447943900
3.8529940210, 3.8601428570, 3.8680428570, 3.8753000000
3.8825285710, 3.8900000000, 3.8981448350, 3.9053317030
3.9137597930, 3.9215448470, 3.9304266750, 3.9385428570
3.9479140340, 3.9569705730, 3.9661357350, 3.9762834620
3.9868686400, 3.9972966470, 4.0088532530, 4.0220379720
4.0370369910, 4.0534087370, 4.0696980660, 4.0844626180
4.0985522340, 4.1121306860, 4.1253597100, 4.1385448220
4.1513009950, 4.1636284450, 4.1764226020, 4.1892117330
4.2018857140, 4.2144132770, 4.2268571430, 4.2389515750
4.2514510010, 4.2633036230, 4.2755285710, 4.2870780430
4.2981953600, 4.3092999640, 4.3202418960, 4.3304662870
4.3405525920, 4.3506714290, 4.3594571430, 4.3687945360
4.3770714290, 4.3859140810, 4.3932741260, 4.4013175390
4.4090196880, 4.4177592800, 4.4278857140, 4.4412029850
4.4602867140, 4.5080142860, 2.9997000000, 3.0908637390
3.1544757600, 3.2031495500, 3.2448340780, 3.2833725190
3.3203914390, 3.3548574330, 3.3853305630, 3.4124745650
3.4363830140, 3.4606089850, 3.4833383460, 3.5064433450
3.5290400140, 3.5507750000, 3.5710093020, 3.5889987120
3.6053000000, 3.6202989920, 3.6346264670, 3.6477850610
3.6566529380, 3.6754250000, 3.6866286250, 3.6931530090
3.6976981710, 3.7017750000, 3.7066750000, 3.7126375230
3.7234675380, 3.7339247640, 3.7444491530, 3.7550771490
3.7668169160, 3.7762863190, 3.7849467430, 3.7934504150
3.8028000000, 3.8126978140, 3.8217000000, 3.8308959290
3.8402505220, 3.8496500000, 3.8576750000, 3.8652451290
3.8724692270, 3.8794868110, 3.8871250000, 3.8948588740
3.9020250000, 3.9100435170, 3.9176981460, 3.9259613670
3.9341688450, 3.9431928190, 3.9519500000, 3.9612255970
3.9708907550, 3.9806634590, 3.9910492170, 4.0025187950
4.0153128510, 4.0312963440, 4.0488136640, 4.0653478920
4.0800627240, 4.0929361960, 4.1059799260, 4.1185610010
4.1311374420, 4.1437117690, 4.1560452400, 4.1684930350
4.1809848470, 4.1935827860, 4.2061452760, 4.2187168950
4.2304750000, 4.2432593740, 4.2556840270, 4.2678090010
4.2799222920, 4.2909831710, 4.3030567940, 4.3140000000
4.3251962860, 4.3354755530, 4.3458056140, 4.3557000000
4.3651048370, 4.3742687700, 4.3833666380, 4.3918500000
4.4008270570, 4.4104750000, 4.4201505850, 4.4318994430
4.4470679820, 4.4691254410, 4.5085750000, 2.9997000000
3.0987126700, 3.1645351250, 3.2125202540, 3.2538947260
3.2921941170, 3.3276786700, 3.3616359110, 3.3913916900
3.4183268600, 3.4417490430, 3.4648269530, 3.4870150380
3.5093300340, 3.5323200430, 3.5529250000, 3.5737966170
3.5919961360, 3.6087000000, 3.6238969750, 3.6382794010
3.6522616870, 3.6573588120, 3.6738750000, 3.6864858740
3.6936590260, 3.6986945120, 3.7033250000, 3.7082250000
3.7149125700, 3.7250026150, 3.7353742930, 3.7459474580
3.7566254880, 3.7684056390, 3.7782929220, 3.7870494860
3.7961512440, 3.8056000000, 3.8154934410, 3.8251000000
3.8349551460, 3.8459515650, 3.8567500000, 3.8660250000
3.8739353880, 3.8818076820, 3.8892604340, 3.8973750000
3.9055766230, 3.9134750000, 3.9215305490, 3.9294944380
3.9381063700, 3.9467065350, 3.9563784580, 3.9652500000
3.9749165300, 3.9848722660, 3.9955903760, 4.0057476510
4.0177563860, 4.0313385540, 4.0482890320, 4.0662323740
4.0822436740, 4.0965881730, 4.1092085870, 4.1223397780
4.1352830020, 4.1482123260, 4.1611353060, 4.1733357210
4.1858791050, 4.1985545410, 4.2115483580, 4.2236116770
4.2361506860, 4.2478250000, 4.2601781230, 4.2726520810
4.2842270020, 4.2957668740, 4.3065495120, 4.3180706320
4.3286000000, 4.3388248510, 4.3485585180, 4.3582168430
4.3669000000, 4.3751145100, 4.3828063090, 4.3897222130
4.3971500000, 4.4042811710, 4.4132250000, 4.4236517550
4.4354983270, 4.4509590580, 4.4739763220, 4.5141250000
origin_ocv_table_end
temp_break_points_table_start
4=col
0x57b4fd9b=crc
10.0, 20.0, 30.0, 40.0
temp_break_points_table_end
max_limit_list_table_start
12=col
0xb0b0141f=crc
4.6, 46.0, 5.5, 1.0, 0.0, 0.0, 0.0, 0.0, 9.6, 9.1, 9.1, 9.1
max_limit_list_table_end
min_limit_list_table_start
12=col
0x46e46716=crc
2.9, 18.0, 0.5, 0.0, 0.0, 0.0, 0.0, 0.0, -9.6, 1.0, 1.0, 1.0
min_limit_list_table_end
initial_charge_current_table_start
6=col
0x0=crc
0.0, 0.0, 0.0, 0.0, 0.0, 0.0
initial_charge_current_table_end
max_voltage_table_start
4=col
0xffeda15=crc
4.45, 4.50, 4.55, 4.58
max_voltage_table_end
controller_parameters_table_start
4=col
0xac0896cc=crc
3.0, 3.0, 6.0, 6.0
controller_parameters_table_end
soc_bp_3_table_start
4=col
0x2b0850b4=crc
0.0, 0.33333333333333331, 0.8, 1.0
soc_bp_3_table_end
battery_property_table_start
4=col
0x75f9948a=crc
2, 2, 1, 1
battery_property_table_end
cathode_ocv_table_start
4=col
0xcd1959dc=crc
3.8003000000, 3.8324837000, 3.8518003900, 3.8683766490
3.8836260000, 3.8960212370, 3.9070335010, 3.9156113620
3.9224304600, 3.9280557500, 3.9326591980, 3.9377059100
3.9423174540, 3.9450595010, 3.9487410000, 3.9491783500
3.9494127280, 3.9491660000, 3.9481257940, 3.9467895460
3.9496269330, 3.9591049440, 3.9586870910, 3.9558816360
3.9542385460, 3.9528979170, 3.9528781670, 3.9554637270
3.9614843640, 3.9686412730, 3.9750983340, 3.9803588330
3.9866193330, 3.9916798330, 3.9956440000, 3.9994009090
4.0043806670, 4.0091609170, 4.0141636030, 4.0186000000
4.0230369940, 4.0270802730, 4.0319621670, 4.0359424170
4.0403332330, 4.0452739380, 4.0502000000, 4.0552399090
4.0607385460, 4.0677000000, 4.0731000000, 4.0799000000
4.0856238460, 4.0929399090, 4.0991183640, 4.1066970830
4.1142773330, 4.1216810510, 4.1298412730, 4.1379197270
4.1473000000, 4.1572000000, 4.1676588330, 4.1799390830
4.1921000000, 4.2054000000, 4.2179000000, 4.2305000000
4.2422941560, 4.2526577890, 4.2636008330, 4.2748585170
4.2853599880, 4.2964415830, 4.3074000000, 4.3179020830
4.3292000000, 4.3399000000, 4.3515000000, 4.3632000000
4.3751000000, 4.3864890450, 4.3979000000, 4.4094000000
4.4212000000, 4.4329000000, 4.4444000000, 4.4553000000
4.4664596360, 4.4777000000, 4.4885000000, 4.4994222500
4.5106420000, 4.5212000000, 4.5324798180, 4.5434000000
4.5542000000, 4.5630538230, 4.5720790000, 4.5787040500
4.5990000000, 3.7998000000, 3.8306427370, 3.8450115120
3.8534649260, 3.8602812340, 3.8676100180, 3.8760926330
3.8839572530, 3.8894466720, 3.8928381500, 3.8942223080
3.8956177010, 3.8962744100, 3.8987879330, 3.9016290850
3.9054407440, 3.9089289100, 3.9115380550, 3.9138715240
3.9162777870, 3.9162074540, 3.9091757410, 3.9103230130
3.9217994590, 3.9276932090, 3.9308836310, 3.9331890690
3.9358230560, 3.9370309430, 3.9381232970, 3.9415115140
3.9460981560, 3.9508445380, 3.9570298630, 3.9629686590
3.9683667920, 3.9735390490, 3.9791960790, 3.9861854810
3.9927581970, 3.9993362550, 4.0059475200, 4.0120943900
4.0184940210, 4.0242235840, 4.0307441070, 4.0369000000
4.0431285710, 4.0497000000, 4.0570448350, 4.0634317030
4.0711597930, 4.0783448470, 4.0865266750, 4.0940428570
4.1028140340, 4.1112705730, 4.1197756450, 4.1291834620
4.1390498220, 4.1484966470, 4.1589738360, 4.1708169720
4.1841369910, 4.1985087370, 4.2123943160, 4.2243791630
4.2356894160, 4.2465885040, 4.2573381650, 4.2684448220
4.2794009950, 4.2902688080, 4.3018226020, 4.3135933690
4.3253857140, 4.3371342770, 4.3489571430, 4.3605515750
4.3725732510, 4.3841036230, 4.3960285710, 4.4073780430
4.4184370870, 4.4294999640, 4.4404418960, 4.4507662870
4.4611117730, 4.4715714290, 4.4806571430, 4.4904945360
4.4993500120, 4.5086140810, 4.5163741260, 4.5244175390
4.5314196880, 4.5382592800, 4.5438618960, 4.5477378940
4.5483422590, 4.5518142860, 3.8010000000, 3.8330824910
3.8497939420, 3.8575222770, 3.8615340780, 3.8654338820
3.8711914390, 3.8778386840, 3.8831805630, 3.8869933140
3.8885705150, 3.8910612580, 3.8921633460, 3.8940808450
3.8965650140, 3.8996687500, 3.9031093020, 3.9058964400
3.9083772730, 3.9107535370, 3.9139014670, 3.9169038110
3.9088711190, 3.9147568180, 3.9208740790, 3.9245530090
3.9270027160, 3.9291750000, 3.9320416670, 3.9327420690
3.9351311750, 3.9386361280, 3.9426324860, 3.9463229830
3.9517710830, 3.9563217350, 3.9608634100, 3.9655481420
3.9710791670, 3.9774186470, 3.9832416670, 3.9897188450
3.9968505220, 4.0043500000, 4.0107750000, 4.0169883110
4.0230983940, 4.0291868110, 4.0359250000, 4.0429588740
4.0494250000, 4.0569435170, 4.0640072370, 4.0718509510
4.0795688450, 4.0881928190, 4.0964500000, 4.1052415060
4.1143907550, 4.1235634590, 4.1331492170, 4.1435187950
4.1548128510, 4.1686986170, 4.1834969970, 4.1968124750
4.2081085580, 4.2178632790, 4.2281882590, 4.2386496370
4.2495056240, 4.2606638520, 4.2718452400, 4.2833930350
4.2950848470, 4.3069827860, 4.3189452760, 4.3310168950
4.3422886360, 4.3547593740, 4.3667840270, 4.3786090010
4.3904222920, 4.4011831710, 4.4129567940, 4.4237812500
4.4347644680, 4.4448755530, 4.4550328870, 4.4649000000
4.4741173370, 4.4831687700, 4.4922166380, 4.5004840910
4.5091270570, 4.5179750000, 4.5257255850, 4.5328119430
4.5374179820, 4.5375754400, 4.5347750000, 3.8004884660
3.8285974930, 3.8434993230, 3.8489794000, 3.8526067410
3.8568074020, 3.8617423060, 3.8684218500, 3.8734495620
3.8774611980, 3.8788366290, 3.8802673460, 3.8809264630
3.8821970350, 3.8853141330, 3.8876548670, 3.8920334100
3.8951843580, 3.8981822320, 3.9003109770, 3.9018543270
3.9026585550, 3.8959010460, 3.9053442560, 3.9154209690
3.9200599590, 3.9225183120, 3.9237972570, 3.9253457130
3.9250502980, 3.9276630050, 3.9311057990, 3.9345199480
3.9384395110, 3.9446453160, 3.9502617500, 3.9547797600
3.9592147290, 3.9644419030, 3.9709644340, 3.9772000820
3.9842017090, 3.9923604400, 4.0006626440, 4.0093595590
4.0166918620, 4.0239860710, 4.0308607380, 4.0383972190
4.0460207570, 4.0533410490, 4.0608185130, 4.0682043170
4.0762381640, 4.0842602440, 4.0933540820, 4.1016475400
4.1105101170, 4.1191645650, 4.1285813870, 4.1374373750
4.1481448220, 4.1604257030, 4.1756059740, 4.1893984890
4.2014599310, 4.2125007430, 4.2218174710, 4.2337771240
4.2460305640, 4.2582701040, 4.2705033000, 4.2820139310
4.2938675310, 4.3058531830, 4.3181572150, 4.3295307500
4.3413799750, 4.3523645050, 4.3640813850, 4.3761113140
4.3872422070, 4.3983380500, 4.4086766590, 4.4197537500
4.4298390890, 4.4396199120, 4.4489095500, 4.4581238460
4.4663629740, 4.4741334550, 4.4813812260, 4.4878531010
4.4948368590, 4.5015240010, 4.5100238010, 4.5200065280
4.5298086940, 4.5355022350, 4.5398962210, 4.5433958520
cathode_ocv_table_end
si_anode_soc_table_start
4=col
0xfa7aab61=crc
1.0015448763, 1.0014356013, 1.0013263262, 1.0012170511
1.0011077760, 1.0009985010, 1.0008892259, 1.0007799508
1.0006706758, 1.0005614007, 1.0004521256, 1.0003428505
1.0002335755, 1.0001243004, 1.0000150253, 0.9999057503
0.9997964752, 0.9996872001, 0.9991895535, 0.9973558915
0.9947242367, 0.9916261945, 0.9881411748, 0.9842824828
0.9799525430, 0.9750663443, 0.9695961682, 0.9634588517
0.9567061405, 0.9492825935, 0.9411216823, 0.9321180670
0.9222939255, 0.9111687697, 0.8990900290, 0.8855846063
0.8706118465, 0.8540239060, 0.8359057945, 0.8162353360
0.7952232050, 0.7736234010, 0.7518350965, 0.7300467920
0.7088239860, 0.6883995300, 0.6687290710, 0.6498347860
0.6315059985, 0.6139533850, 0.5973654450, 0.5807996810
0.5647883265, 0.5493646465, 0.5337413790, 0.5183066110
0.5030825185, 0.4876588385, 0.4722351585, 0.4566118910
0.4411771230, 0.4255649435, 0.4097531765, 0.3943294965
0.3789058165, 0.3632936380, 0.3482358680, 0.3332002750
0.3185416810, 0.3042822610, 0.2903998400, 0.2768944180
0.2639138373, 0.2511845890, 0.2385181735, 0.2266279317
0.2150001105, 0.2037492883, 0.1927294703, 0.1820238170
0.1714235025, 0.1610745200, 0.1510433997, 0.1412469785
0.1316944980, 0.1221253857, 0.1128630460, 0.1035415695
0.0946192683, 0.0858115450, 0.0770352383, 0.0686359300
0.0603530480, 0.0519703723, 0.0441132770, 0.0362583990
0.0286352648, 0.0213004237, 0.0140709200, 0.0069412100
0.0002261994, 1.0010610715, 1.0008370986, 1.0006131258
1.0003891529, 1.0001651800, 0.9999412071, 0.9997172342
0.9988422057, 0.9970489679, 0.9949280010, 0.9926207797
0.9902358277, 0.9877028310, 0.9849783324, 0.9820828230
0.9790075599, 0.9756699510, 0.9720054523, 0.9679911606
0.9636701060, 0.9589032042, 0.9536912880, 0.9479585690
0.9417011605, 0.9346955827, 0.9269224045, 0.9182067280
0.9085777030, 0.8977729840, 0.8854233470, 0.8717425525
0.8561961955, 0.8387842750, 0.8191958650, 0.7978973550
0.7749276120, 0.7516080760, 0.7282885400, 0.7056491580
0.6838453915, 0.6630521390, 0.6434637280, 0.6248663980
0.6072990150, 0.5903923510, 0.5745156340, 0.5591344570
0.5444334320, 0.5300724845, 0.5158767170, 0.5019659660
0.4880001550, 0.4741444650, 0.4601138775, 0.4459181100
0.4317871187, 0.4173613950, 0.4030004465, 0.3886394990
0.3741036550, 0.3599176040, 0.3457121200, 0.3318564290
0.3183505310, 0.3051749940, 0.2922132183, 0.2798149980
0.2676499740, 0.2561651020, 0.2449004710, 0.2340309765
0.2233817210, 0.2132377230, 0.2032232780, 0.1934161177
0.1839522727, 0.1747216230, 0.1654780180, 0.1565842060
0.1476903940, 0.1390038670, 0.1304533710, 0.1220000390
0.1137669470, 0.1056634080, 0.0976699900, 0.0898093628
0.0821236320, 0.0745982240, 0.0672574280, 0.0601449700
0.0531685417, 0.0463767272, 0.0398103340, 0.0335461240
0.0274315476, 0.0214889528, 0.0158106450, 0.0103917680
0.0050719990, 0.0000000000, 1.0001948193, 1.0001003614
1.0000059036, 0.9999114458, 0.9998169880, 0.9997225301
0.9989731111, 0.9971441818, 0.9951114437, 0.9930366251
0.9909446878, 0.9888456191, 0.9866991190, 0.9845155310
0.9822716740, 0.9799485816, 0.9775462555, 0.9749800652
0.9722183585, 0.9691396783, 0.9656321609, 0.9613648584
0.9562058416, 0.9498562815, 0.9422716740, 0.9335744090
0.9236841293, 0.9126008340, 0.9000278160, 0.8859990725
0.8703569770, 0.8524710245, 0.8327955495, 0.8108669445
0.7878164120, 0.7636161340, 0.7397681970, 0.7162169680
0.6933147890, 0.6717107090, 0.6510709320, 0.6315716275
0.6130180810, 0.5956050070, 0.5788409830, 0.5628836345
0.5473991655, 0.5324061200, 0.5177375985, 0.5032267035
0.4887158090, 0.4742049145, 0.4596847475, 0.4451831245
0.4305053310, 0.4156699120, 0.4008344920, 0.3863328700
0.3718127030, 0.3574687065, 0.3432730645, 0.3294112195
0.3158646265, 0.3026425595, 0.2899026430, 0.2774872505
0.2655107403, 0.2539020243, 0.2426611035, 0.2317014375
0.2212146500, 0.2109040330, 0.2009086690, 0.1911234740
0.1815484470, 0.1722021330, 0.1630134445, 0.1540349250
0.1451923972, 0.1365167673, 0.1279462218, 0.1196476590
0.1114140005, 0.1034090557, 0.0955586467, 0.0879508577
0.0805470558, 0.0733178800, 0.0663467778, 0.0595781178
0.0530458970, 0.0467686600, 0.0407139542, 0.0348929064
0.0292888268, 0.0239295316, 0.0187637152, 0.0137660330
0.0089785198, 0.0044135373, 0.0000000000, 1.0012788410
1.0009160492, 1.0005532574, 1.0001904657, 0.9998276739
0.9988934845, 0.9969721978, 0.9948087760, 0.9925198877
0.9901337050, 0.9876033961, 0.9849259904, 0.9820236540
0.9789444563, 0.9755789121, 0.9719198960, 0.9680380203
0.9637207950, 0.9590679872, 0.9540206433, 0.9484971337
0.9424249020, 0.9357223193, 0.9283848500, 0.9201857500
0.9111461810, 0.9011028875, 0.8897474965, 0.8771314035
0.8627739080, 0.8466840810, 0.8283812220, 0.8081918440
0.7864243220, 0.7634051660, 0.7400594980, 0.7170222030
0.6943114210, 0.6727071545, 0.6523545200, 0.6328000290
0.6141887970, 0.5966840805, 0.5799684370, 0.5640327960
0.5485778550, 0.5335854735, 0.5189196050, 0.5047344360
0.4903769410, 0.4760194460, 0.4618161370, 0.4476309680
0.4331192860, 0.4186076040, 0.4042501085, 0.3895842400
0.3753809320, 0.3610325065, 0.3469924540, 0.3331156580
0.3197104920, 0.3064595125, 0.2936801630, 0.2812273255
0.2690828620, 0.2574009580, 0.2462088235, 0.2351708750
0.2246045570, 0.2142952160, 0.2040886660, 0.1943114210
0.1847397570, 0.1754946063, 0.1662313160, 0.1572431435
0.1484726453, 0.1397474970, 0.1312218840, 0.1229199920
0.1148236830, 0.1069329560, 0.0991510667, 0.0914780150
0.0842221740, 0.0770896822, 0.0700188650, 0.0633208168
0.0568540485, 0.0506185605, 0.0446324915, 0.0388777025
0.0333696124, 0.0280619650, 0.0229574804, 0.0179763460
0.0132419100, 0.0087251487, 0.0043565275, 0.0001541865
si_anode_soc_table_end
gr_anode_soc_table_start
4=col
0x479ef5cb=crc
1.0016537937, 1.0015755076, 1.0014972215, 1.0014189354
1.0013406493, 1.0012623632, 1.0011840772, 1.0011057911
1.0010275050, 1.0009492189, 1.0008709328, 1.0007926467
1.0007143606, 1.0006360745, 1.0005577884, 1.0004795023
1.0004012162, 1.0003229301, 1.0002446440, 1.0001663579
1.0000880719, 1.0000097858, 0.3931289250, 0.3198867130
0.2738332720, 0.2406600170, 0.2134466200, 0.1916266470
0.1742888810, 0.1572466450, 0.1369289500, 0.1123999510
0.0911710380, 0.0790789310, 0.0705578130, 0.0638345030
0.0582933140, 0.0538111070, 0.0500043981, 0.0467553257
0.0439245300, 0.0413988425, 0.0391577390, 0.0371136560
0.0352665925, 0.0335356306, 0.0319172515, 0.0303965029
0.0290112060, 0.0276566925, 0.0263799511, 0.0251939415
0.0240258939, 0.0229461219, 0.0218842187, 0.0208860980
0.0199157742, 0.0190042273, 0.0181185493, 0.0172664312
0.0164511760, 0.0156448235, 0.0148934861, 0.0141666127
0.0134466200, 0.0127652592, 0.0121207276, 0.0114796598
0.0108683091, 0.0102907803, 0.0097313024, 0.0091680003
0.0086437315, 0.0081455486, 0.0076640810, 0.0071728826
0.0067287828, 0.0062961348, 0.0058825781, 0.0054785770
0.0050686493, 0.0047004445, 0.0043410583, 0.0039966928
0.0036653939, 0.0033473708, 0.0030424445, 0.0027312504
0.0024479740, 0.0021842703, 0.0019349095, 0.0016992980
0.0014763543, 0.0012689648, 0.0010743506, 0.0008858818
0.0007016182, 0.0005292498, 0.0003747243, 0.0002273308
0.0000874349, 1.0012614165, 1.0011448884, 1.0010283604
1.0009118323, 1.0007953042, 1.0006787761, 1.0005622480
1.0004457199, 1.0003291918, 1.0002126638, 1.0000961357
0.9999796076, 0.9998630795, 0.9997465514, 0.9990535661
0.6958307660, 0.6243581840, 0.5878003700, 0.5490290040
0.4384883960, 0.3046940960, 0.2523447660, 0.2202140530
0.1955455150, 0.1783847930, 0.1646699070, 0.1510919425
0.1391342053, 0.1297095003, 0.1135528630, 0.0731156290
0.0599940667, 0.0544944207, 0.0511940622, 0.0486905062
0.0465820662, 0.0447361905, 0.0430615455, 0.0414934787
0.0400036515, 0.0385874621, 0.0372504722, 0.0359568852
0.0347017791, 0.0335287454, 0.0323817350, 0.0312863700
0.0302203444, 0.0291983295, 0.0282046627, 0.0272700305
0.0263325806, 0.0254562883, 0.0245823288, 0.0237608048
0.0229472499, 0.0221827200, 0.0214417745, 0.0207081447
0.0200160882, 0.0193480969, 0.0186864096, 0.0180604863
0.0174573832, 0.0168570394, 0.0162958399, 0.0157556550
0.0152340530, 0.0147065229, 0.0142159357, 0.0137491157
0.0132927131, 0.0128342979, 0.0124116034, 0.0120087713
0.0116154360, 0.0112309746, 0.0108518968, 0.0104972500
0.0101611724, 0.0098327824, 0.0095175925, 0.0092014384
0.0089034457, 0.0086260013, 0.0083595837, 0.0081042863
0.0078610314, 0.0076309063, 0.0074135499, 0.0072088082
0.0070073205, 0.0068205998, 0.0066533686, 0.0065004711
0.0063514415, 0.0062193677, 0.0060881864, 0.0059691061
0.0058519548, 0.0057407459, 1.0001276952, 1.0000696519
1.0000116087, 0.9999535654, 0.9998955221, 0.9998374788
0.9997794355, 0.9996138414, 0.9978163249, 0.9945977980
0.9883750090, 0.9822889840, 0.9738551665, 0.9546169450
0.6350208570, 0.5832782480, 0.5575437080, 0.5282304940
0.3804563380, 0.2786350890, 0.2385174720, 0.2141733720
0.1911969180, 0.1718447270, 0.1588292950, 0.1470675390
0.1343484305, 0.1246153493, 0.1156572680, 0.0713911240
0.0541017985, 0.0485286407, 0.0455957998, 0.0434455560
0.0415922208, 0.0398861695, 0.0382859486, 0.0367577672
0.0352943861, 0.0338948280, 0.0325674070, 0.0312583099
0.0300046344, 0.0288177416, 0.0276446851, 0.0265482896
0.0254610110, 0.0244290597, 0.0234164789, 0.0224531801
0.0215062344, 0.0206122498, 0.0197326778, 0.0188910493
0.0180626971, 0.0172811847, 0.0165181253, 0.0157735180
0.0150725989, 0.0143879130, 0.0137072995, 0.0130717468
0.0124523555, 0.0118393794, 0.0112672992, 0.0107110039
0.0101563999, 0.0096366039, 0.0091344877, 0.0086541602
0.0081659870, 0.0077171705, 0.0072833857, 0.0068674757
0.0064457571, 0.0060482969, 0.0056734135, 0.0053102780
0.0049577169, 0.0046189139, 0.0042816571, 0.0039570557
0.0036508552, 0.0033603306, 0.0030789575, 0.0028078953
0.0025491848, 0.0022867550, 0.0020469106, 0.0018248690
0.0016142365, 0.0014153063, 0.0012347731, 0.0010626074
0.0009017080, 0.0007516058, 0.0006076432, 0.0004670111
0.0003275646, 0.0002018556, 0.0000848379, 1.0016713901
1.0012181318, 1.0007648734, 1.0003116151, 0.9998583568
0.9983456090, 0.9958753540, 0.9932691215, 0.9903294213
0.9867875350, 0.9821189800, 0.9755240790, 0.9642379600
0.7367252120, 0.5906402270, 0.5609291780, 0.5375410760
0.4607818700, 0.2866402270, 0.2522606230, 0.2236600570
0.2035580740, 0.1812804530, 0.1650538240, 0.1537677050
0.1413937680, 0.1296997165, 0.1212237963, 0.0943456090
0.0581756375, 0.0502254960, 0.0469650616, 0.0447283026
0.0428101983, 0.0410581825, 0.0394042896, 0.0378334277
0.0363240793, 0.0348691220, 0.0334900847, 0.0321510858
0.0308744101, 0.0296417264, 0.0284431194, 0.0272861188
0.0261875655, 0.0251104817, 0.0240874139, 0.0230698358
0.0221239069, 0.0211784704, 0.0202946177, 0.0194081499
0.0185713663, 0.0177609904, 0.0169768487, 0.0162266290
0.0154863080, 0.0147740111, 0.0140942572, 0.0134137641
0.0127857546, 0.0121699718, 0.0115592989, 0.0109847022
0.0104343259, 0.0099036830, 0.0093624081, 0.0088657223
0.0083852690, 0.0079159585, 0.0074542778, 0.0070161641
0.0066000322, 0.0061966816, 0.0057879402, 0.0054106688
0.0050475087, 0.0046948732, 0.0043560107, 0.0040326612
0.0037053825, 0.0033904305, 0.0030975635, 0.0028154284
0.0025441193, 0.0022846857, 0.0020363499, 0.0017898913
0.0015544075, 0.0013426227, 0.0011466199, 0.0009640021
0.0007902451, 0.0006325900, 0.0004816973, 0.0003394991
0.0002055474, 0.0000790567, 0.0000750000, 0.0000700000
gr_anode_soc_table_end
anode_soc_table_start
4=col
0x89dcba4d=crc
1.0016366392, 1.0015534724, 1.0014703055, 1.0013871386
1.0013039718, 1.0012208049, 1.0011376381, 1.0010544712
1.0009713044, 1.0008881375, 1.0008049707, 1.0007218038
1.0006386369, 1.0005554701, 1.0004723032, 1.0003891364
1.0003059695, 1.0002228026, 1.0000784672, 0.9997237094
0.9992432678, 0.9986893701, 0.4868433599, 0.4245290529
0.3850470638, 0.3563290204, 0.3325401809, 0.3131902264
0.2975196066, 0.2819923143, 0.2635893128, 0.2415055619
0.2220729005, 0.2101330883, 0.2010516447, 0.1932601519
0.1862334904, 0.1798446303, 0.1737838753, 0.1679484345
0.1622540783, 0.1567242173, 0.1514044294, 0.1462506314
0.1413518882, 0.1366767008, 0.1322151190, 0.1279580382
0.1239041414, 0.1199984270, 0.1163101717, 0.1127018506
0.1091959821, 0.1058570444, 0.1025017262, 0.0992298334
0.0960145409, 0.0928173329, 0.0896419195, 0.0864633452
0.0833455166, 0.0802072462, 0.0770838910, 0.0740422704
0.0710064468, 0.0679734821, 0.0650588653, 0.0621506597
0.0593268680, 0.0565944412, 0.0539365997, 0.0513349136
0.0488487755, 0.0464241997, 0.0440236027, 0.0417370549
0.0395315188, 0.0373950083, 0.0353109654, 0.0332844539
0.0312695402, 0.0293293628, 0.0274466784, 0.0256136141
0.0238299790, 0.0220549093, 0.0203391903, 0.0186088766
0.0169649537, 0.0153555668, 0.0137632120, 0.0122418182
0.0107494341, 0.0092544370, 0.0078529819, 0.0064570536
0.0051011678, 0.0038007099, 0.0025318753, 0.0012847668
0.0001092903, 1.0012227550, 1.0010854928, 1.0009482307
1.0008109685, 1.0006737063, 1.0005364441, 1.0003991819
1.0001362825, 0.9996961922, 0.9991928585, 0.9986535825
0.9980993063, 0.9975164614, 0.9968966614, 0.9957786451
0.7504766723, 0.6921524041, 0.6619421619, 0.6298780256
0.5398350851, 0.4309397855, 0.3876867754, 0.3606502026
0.3395345435, 0.3243335056, 0.3117652178, 0.2991255510
0.2876171960, 0.2779261834, 0.2625042002, 0.2272302773
0.2136407914, 0.2058423799, 0.1993988425, 0.1932683392
0.1871341993, 0.1811444542, 0.1752928968, 0.1696586030
0.1642487031, 0.1590932342, 0.1542341851, 0.1496014165
0.1451984566, 0.1409892331, 0.1369997647, 0.1331476019
0.1294503688, 0.1258542798, 0.1223129439, 0.1188742514
0.1154226598, 0.1120416744, 0.1086288209, 0.1052264087
0.1018429279, 0.0984421356, 0.0950728766, 0.0917095217
0.0883459669, 0.0850693345, 0.0817940395, 0.0786151081
0.0755220944, 0.0724950587, 0.0695408639, 0.0667123803
0.0639438945, 0.0613018766, 0.0587321735, 0.0562579023
0.0538345388, 0.0515070529, 0.0492333950, 0.0470157671
0.0448720546, 0.0427805042, 0.0406907985, 0.0386883104
0.0367008081, 0.0347595106, 0.0328551165, 0.0309686944
0.0291394297, 0.0273517484, 0.0255942166, 0.0238712843
0.0221918212, 0.0205538924, 0.0189618936, 0.0174241387
0.0159152601, 0.0144539246, 0.0130518181, 0.0117195930
0.0104193649, 0.0091660086, 0.0079643732, 0.0068225672
0.0057014432, 0.0046329282, 1.0001417161, 1.0000760665
1.0000104170, 0.9999447675, 0.9998791179, 0.9998134684
0.9996110108, 0.9990979798, 0.9972513303, 0.9942717008
0.9889117626, 0.9836585316, 0.9765380066, 0.9608621508
0.7075544816, 0.6661346033, 0.6452736877, 0.6215473823
0.5040633741, 0.4228674370, 0.3903969244, 0.3702464585
0.3509917043, 0.3343554982, 0.3224744548, 0.3113528086
0.2992245848, 0.2892094714, 0.2794963034, 0.2415461367
0.2246008840, 0.2164558341, 0.2100257978, 0.2037442571
0.1974632591, 0.1910586218, 0.1848113061, 0.1786829585
0.1727414491, 0.1671215778, 0.1617601989, 0.1566515378
0.1517842716, 0.1472080599, 0.1427783678, 0.1385778218
0.1344832633, 0.1305351237, 0.1266700950, 0.1228769792
0.1190968008, 0.1153585210, 0.1116297065, 0.1079347833
0.1042135648, 0.1004964775, 0.0967939885, 0.0931758210
0.0895883424, 0.0860505046, 0.0825468769, 0.0791486211
0.0758290006, 0.0725822421, 0.0694685487, 0.0664351295
0.0634947219, 0.0606586763, 0.0579134425, 0.0552441945
0.0526675144, 0.0501587686, 0.0477277646, 0.0453548018
0.0430211434, 0.0407544499, 0.0385385421, 0.0363758283
0.0342498860, 0.0321696897, 0.0301126665, 0.0281224669
0.0261603819, 0.0242584720, 0.0223960814, 0.0205925264
0.0188413518, 0.0171237106, 0.0154778435, 0.0138883467
0.0123572631, 0.0108886984, 0.0094811701, 0.0081290680
0.0068311991, 0.0055930025, 0.0044000769, 0.0032449060
0.0021345730, 0.0010815901, 0.0000671170, 1.0015885796
1.0011544058, 1.0007202318, 1.0002860579, 0.9998518841
0.9984611865, 0.9961067395, 0.9935939204, 0.9907915127
0.9874934287, 0.9832759489, 0.9775074659, 0.9679899537
0.7878227449, 0.6718452410, 0.6476300171, 0.6283568649
0.5668797085, 0.4284927032, 0.4003009070, 0.3765685778
0.3594262510, 0.3404342733, 0.3260828633, 0.3154479686
0.3037774355, 0.2924316209, 0.2833482599, 0.2594787428
0.2279102377, 0.2182429830, 0.2118092633, 0.2057852968
0.1996798444, 0.1934414040, 0.1872115072, 0.1811121787
0.1751302668, 0.1694246976, 0.1640430716, 0.1588614106
0.1539279113, 0.1492625494, 0.1447905349, 0.1405158957
0.1363887804, 0.1323761851, 0.1284750906, 0.1246797340
0.1209045586, 0.1171297718, 0.1134361037, 0.1097441989
0.1060226174, 0.1023218728, 0.0986743546, 0.0949885493
0.0914081343, 0.0878192182, 0.0843210330, 0.0808567044
0.0775332808, 0.0742520311, 0.0710743064, 0.0679939269
0.0649977117, 0.0621146466, 0.0593265120, 0.0566060867
0.0539979626, 0.0514528415, 0.0489354250, 0.0465271682
0.0441796245, 0.0419110457, 0.0396343866, 0.0374405964
0.0353038604, 0.0331849955, 0.0311190912, 0.0291126226
0.0271464226, 0.0252333176, 0.0233605986, 0.0215193074
0.0197745714, 0.0180652269, 0.0163776497, 0.0147701914
0.0132201826, 0.0117376632, 0.0103202129, 0.0089621137
0.0076630487, 0.0064189733, 0.0052230921, 0.0040600927
0.0029556425, 0.0019029992, 0.0009782127, 0.0000877596
anode_soc_table_end
fresh_anode_ocv_table_start
4=col
0xf5314fce=crc
0.8006000000, 0.7551432510, 0.7130864990, 0.6770890010
0.6446260000, 0.6151122730, 0.5874335010, 0.5605792490
0.5347360010, 0.5098557500, 0.4856150000, 0.4624059100
0.4410174540, 0.4201595010, 0.4015410000, 0.3832225000
0.3662127280, 0.3498660000, 0.3348578180, 0.3201895460
0.3068200000, 0.2947356370, 0.2843870910, 0.2759816360
0.2694385460, 0.2642979170, 0.2599781670, 0.2563637270
0.2530843640, 0.2490412730, 0.2455983340, 0.2409588330
0.2360193330, 0.2311798330, 0.2264440000, 0.2215009090
0.2178806670, 0.2145609170, 0.2114411670, 0.2085000000
0.2058016670, 0.2033802730, 0.2013621670, 0.1991424170
0.1970000000, 0.1953000000, 0.1936000000, 0.1918399090
0.1905385460, 0.1900000000, 0.1886000000, 0.1873000000
0.1860000000, 0.1848399090, 0.1836183640, 0.1824970830
0.1813773330, 0.1802000000, 0.1790412730, 0.1778197270
0.1766000000, 0.1754000000, 0.1740588330, 0.1726390830
0.1712000000, 0.1696000000, 0.1679000000, 0.1662000000
0.1644403330, 0.1626000000, 0.1608008330, 0.1590793640
0.1573613330, 0.1558415830, 0.1544000000, 0.1531020830
0.1520000000, 0.1510000000, 0.1502000000, 0.1495000000
0.1490000000, 0.1485000000, 0.1482000000, 0.1479000000
0.1479000000, 0.1479000000, 0.1482000000, 0.1486000000
0.1491596360, 0.1499000000, 0.1508000000, 0.1517222500
0.1530420000, 0.1543000000, 0.1556798180, 0.1567000000
0.1569000000, 0.1553592500, 0.1499790000, 0.1360185000
0.0976000000, 0.8001000000, 0.7470837500, 0.7004918340
0.6588810010, 0.6212323340, 0.5875512510, 0.5574965000
0.5303260010, 0.5050176670, 0.4808500840, 0.4572825010
0.4340253650, 0.4113698180, 0.3899550910, 0.3700789100
0.3521020840, 0.3357773330, 0.3209912500, 0.3076286670
0.2953043330, 0.2814750000, 0.2624759090, 0.2490716360
0.2425564550, 0.2388790000, 0.2361979170, 0.2340183640
0.2316390000, 0.2275192730, 0.2204408180, 0.2132008330
0.2068592500, 0.2011773330, 0.1956575830, 0.1906765000
0.1863908330, 0.1825312730, 0.1792725460, 0.1763569090
0.1737775460, 0.1712983330, 0.1692000000, 0.1673000000
0.1655000000, 0.1640807270, 0.1627012500, 0.1616000000
0.1606000000, 0.1597000000, 0.1589000000, 0.1581000000
0.1574000000, 0.1568000000, 0.1561000000, 0.1555000000
0.1549000000, 0.1543000000, 0.1536399090, 0.1529000000
0.1521811820, 0.1512000000, 0.1501205830, 0.1487790000
0.1471000000, 0.1451000000, 0.1426962500, 0.1399165460
0.1371371820, 0.1344578180, 0.1319784550, 0.1299000000
0.1281000000, 0.1266403640, 0.1254000000, 0.1243816360
0.1235000000, 0.1227210000, 0.1221000000, 0.1216000000
0.1211222500, 0.1208000000, 0.1205000000, 0.1203000000
0.1202417270, 0.1202000000, 0.1202000000, 0.1203000000
0.1205591820, 0.1209000000, 0.1212000000, 0.1217000000
0.1222785830, 0.1227000000, 0.1231000000, 0.1231000000
0.1224000000, 0.1205000000, 0.1159761820, 0.1065349090
0.0880555450, 0.0438000000, 0.8013000000, 0.7422187520
0.6953181820, 0.6543727270, 0.6167000000, 0.5820613620
0.5508000000, 0.5229812500, 0.4978500000, 0.4745187500
0.4521875000, 0.4304522740, 0.4088250000, 0.3876375000
0.3675250000, 0.3488937500, 0.3321000000, 0.3168977280
0.3030772730, 0.2904545450, 0.2792750000, 0.2691187500
0.2522181820, 0.2393318180, 0.2342454550, 0.2314000000
0.2293045460, 0.2274000000, 0.2253666670, 0.2201045460
0.2116636360, 0.2047113640, 0.1981833330, 0.1912458340
0.1849541670, 0.1800354170, 0.1759166670, 0.1720977270
0.1682791670, 0.1647208330, 0.1615416670, 0.1588229170
0.1566000000, 0.1547000000, 0.1531000000, 0.1517431820
0.1506291670, 0.1497000000, 0.1488000000, 0.1481000000
0.1474000000, 0.1469000000, 0.1463090910, 0.1458895840
0.1454000000, 0.1450000000, 0.1445000000, 0.1440159090
0.1435000000, 0.1429000000, 0.1421000000, 0.1410000000
0.1395000000, 0.1374022730, 0.1346833330, 0.1314645830
0.1280458330, 0.1249270830, 0.1222083330, 0.1200886370
0.1183681820, 0.1169520830, 0.1158000000, 0.1149000000
0.1141000000, 0.1134000000, 0.1128000000, 0.1123000000
0.1118136360, 0.1115000000, 0.1111000000, 0.1108000000
0.1105000000, 0.1102000000, 0.1099000000, 0.1097812500
0.1095681820, 0.1094000000, 0.1092272730, 0.1092000000
0.1090125000, 0.1089000000, 0.1088500000, 0.1086340910
0.1083000000, 0.1075000000, 0.1055750000, 0.1009125000
0.0903500000, 0.0684499990, 0.0262000000, 0.8007884660
0.7298848230, 0.6789641980, 0.6364591460, 0.5987120150
0.5646132850, 0.5340636360, 0.5067859390, 0.4820578720
0.4591343380, 0.4370875860, 0.4154403930, 0.3939114250
0.3728670010, 0.3529940900, 0.3347298670, 0.3182367930
0.3031882220, 0.2894822320, 0.2764140020, 0.2635749260
0.2503968680, 0.2385422340, 0.2314692560, 0.2289350950
0.2264009330, 0.2238238000, 0.2204722570, 0.2171207130
0.2101377280, 0.2026603900, 0.1957315060, 0.1885724900
0.1818140230, 0.1762396770, 0.1719688280, 0.1677302740
0.1630634850, 0.1588419030, 0.1554709930, 0.1521000820
0.1492465630, 0.1464088750, 0.1439126440, 0.1433345590
0.1427564740, 0.1421783890, 0.1416003040, 0.1410222190
0.1404441340, 0.1398660490, 0.1392879640, 0.1387098790
0.1381317940, 0.1375537090, 0.1369756240, 0.1363975400
0.1355935870, 0.1342922990, 0.1329910110, 0.1316897240
0.1303884360, 0.1290871490, 0.1273169420, 0.1231661150
0.1192162570, 0.1159125700, 0.1126088840, 0.1114373460
0.1107475620, 0.1100577780, 0.1093679940, 0.1086782100
0.1079884260, 0.1072986420, 0.1066088570, 0.1059190730
0.1052292890, 0.1045395050, 0.1039032620, 0.1034592330
0.1030152050, 0.1025711760, 0.1021271470, 0.1016831180
0.1012390890, 0.1007950610, 0.1003510320, 0.0999070030
0.0994629740, 0.0990189450, 0.0985749170, 0.0981308880
0.0976868590, 0.0972428300, 0.0967988010, 0.0963547730
0.0943103670, 0.0845431770, 0.0659198990, 0.0292708520
fresh_anode_ocv_table_end