4803            
4               
13              
0               
1               
14              
17409           
0               
0               
0               
17413           
32              
2               
6               
0               
1               

// Volume Independent Parameters
1               
0               
0               
0               
0               
0               
0               
0               
0               
0               
20              
5               
2000            
5000            
-96             
-80             
-50             
-30             
0               
-96             
-80             
-40             
-25             
-25             
1               
0               
32              
32              
32              
32              
32              
32              
32              
32              
32              
32              
32              
32              
32              
32              
32              
32              
32              
32              
32              
32              
32              
32              
32              
32              
32              
32              
32              
32              
32              
32              
32              
32              
32              
32              
32              
32              
32              
32              
32              
32              
32              
32              
32              
30              
27              
25              
25              
27              
31              
33              
32              
30              
30              
30              
31              
29              
28              
28              
28              
28              
28              
28              
29              
29              
29              
29              
27              
26              
26              
27              
27              
27              
27              
28              
28              
29              
29              
29              
29              
30              
30              
31              
31              
32              
33              
33              
34              
34              
35              
35              
35              
36              
36              
36              
36              
36              
36              
36              
36              
36              
36              
36              
36              
35              
35              
36              
36              
36              
36              
36              
36              
37              
37              
37              
38              
38              
38              
38              
38              
38              
38              
38              
38              
38              
38              
37              
37              
36              
36              
36              
35              
35              
35              
35              
35              
35              
34              
34              
34              
34              
34              
34              
34              
34              
34              
34              
34              
34              
33              
33              
33              
32              
32              
32              
31              
31              
30              
30              
29              
29              
28              
28              
28              
27              
27              
27              
27              
26              
26              
26              
25              
25              
25              
25              
25              
25              
25              
25              
25              
25              
25              
25              
25              
25              
25              
26              
26              
26              
26              
26              
26              
26              
26              
26              
26              
26              
26              
26              
26              
25              
25              
25              
24              
24              
24              
24              
24              
24              
24              
23              
23              
23              
23              
23              
22              
22              
22              
22              
22              
22              
21              
21              
21              
20              
20              
20              
20              
19              
19              
19              
19              
18              
18              
18              
18              
17              
17              
17              
17              
17              
16              
16              
16              
15              
15              
14              
14              
14              
14              
13              
13              
13              
12              
12              
12              
11              
11              
11              
11              
11              
11              
11              
10              
10              
10              
10              
10              
10              
10              
10              
10              
9               
9               
9               
9               
9               
9               
9               
8               
8               
8               
8               
8               
8               
8               
7               
7               
7               
7               
7               
7               
7               
7               
7               
7               
7               
7               
7               
6               
6               
6               
6               
6               
6               
6               
6               
6               
6               
6               
6               
6               
6               
5               
5               
5               
5               
5               
5               
5               
5               
5               
5               
5               
5               
5               
5               
5               
5               
5               
5               
5               
5               
5               
5               
5               
5               
5               
5               
5               
5               
5               
5               
5               
5               
5               
5               
5               
5               
5               
5               
5               
5               
5               
5               
5               
5               
5               
6               
6               
6               
6               
6               
6               
6               
6               
6               
6               
6               
6               
6               
6               
6               
6               
6               
7               
7               
7               
7               
7               
7               
7               
7               
8               
8               
8               
8               
8               
8               
8               
9               
9               
9               
9               
9               
9               
9               
9               
9               
10              
10              
10              
10              
10              
10              
10              
10              
10              
10              
10              
10              
10              
10              
10              
10              
10              
10              
10              
10              
10              
11              
11              
11              
11              
11              
11              
11              
11              
12              
12              
12              
12              
12              
12              
13              
13              
13              
13              
13              
14              
14              
14              
14              
14              
15              
15              
15              
15              
15              
15              
16              
16              
16              
16              
17              
17              
17              
17              
17              
17              
17              
17              
18              
18              
18              
18              
19              
19              
19              
19              
19              
20              
20              
20              
21              
21              
21              
21              
21              
21              
21              
21              
21              
22              
22              
22              
22              
22              
22              
22              
22              
22              
22              
22              
22              
22              
22              
22              
22              
22              
21              
21              
21              
21              
21              
21              
21              
21              
20              
20              
20              
20              
20              
20              
20              
20              
21              
21              
22              
22              
22              
21              
20              
19              
19              
18              
18              
18              
18              
18              
17              
17              
17              
17              
18              
18              
17              
17              
17              
17              
17              
16              
16              
16              
15              
15              
15              
14              
14              
14              
13              
12              
12              
11              
10              
10              
10              
9               
9               
9               
8               
8               
8               
8               
8               
8               
8               
8               
8               
8               
8               
8               
8               
8               
8               
8               
8               
8               
8               
14              
14              
32              
32              
32              
32              
32              
32              
32              
32              
32              
32              
32              
32              
32              
32              
32              
32              
32              
32              
32              
32              
32              
32              
32              
32              
32              
32              
32              
32              
32              
32              
32              
32              
32              
32              
32              
32              
32              
32              
32              
32              
32              
32              
32              
31              
29              
28              
27              
27              
28              
31              
33              
33              
31              
30              
30              
28              
27              
26              
26              
27              
28              
29              
28              
27              
26              
25              
25              
25              
25              
25              
25              
26              
26              
26              
27              
27              
27              
27              
27              
28              
28              
29              
29              
30              
31              
31              
32              
32              
33              
33              
34              
34              
35              
36              
36              
37              
37              
38              
38              
38              
39              
39              
40              
40              
41              
41              
42              
42              
43              
43              
43              
44              
44              
43              
43              
43              
43              
42              
42              
42              
42              
41              
41              
40              
40              
40              
40              
40              
41              
41              
41              
41              
41              
41              
41              
42              
42              
42              
42              
41              
41              
40              
39              
38              
37              
36              
35              
34              
33              
33              
32              
31              
30              
30              
29              
28              
28              
27              
27              
27              
27              
27              
26              
26              
26              
26              
26              
26              
26              
26              
26              
26              
26              
26              
26              
25              
25              
25              
26              
26              
26              
26              
25              
25              
25              
25              
24              
24              
24              
24              
24              
24              
23              
23              
23              
22              
22              
21              
21              
21              
21              
21              
20              
20              
20              
19              
19              
19              
18              
18              
18              
18              
18              
17              
17              
17              
16              
16              
16              
16              
16              
15              
15              
15              
15              
14              
14              
14              
13              
13              
13              
13              
13              
13              
12              
12              
12              
12              
12              
11              
11              
11              
11              
11              
11              
11              
11              
10              
10              
10              
10              
10              
10              
10              
10              
10              
9               
9               
9               
9               
9               
9               
9               
9               
9               
9               
9               
8               
8               
8               
8               
8               
8               
8               
8               
8               
8               
8               
8               
7               
7               
7               
7               
7               
7               
7               
7               
7               
7               
6               
6               
6               
6               
6               
6               
6               
6               
5               
5               
5               
5               
5               
5               
5               
5               
5               
4               
4               
4               
4               
4               
4               
4               
4               
4               
4               
4               
4               
4               
4               
4               
4               
4               
4               
4               
4               
4               
4               
4               
4               
4               
4               
4               
4               
4               
4               
4               
4               
4               
4               
4               
4               
5               
5               
5               
5               
5               
5               
5               
5               
5               
6               
6               
6               
6               
6               
6               
6               
6               
7               
7               
7               
7               
7               
7               
7               
7               
8               
8               
8               
8               
8               
8               
8               
9               
9               
9               
9               
9               
10              
10              
10              
10              
10              
10              
10              
11              
11              
11              
11              
11              
12              
12              
12              
12              
12              
12              
12              
13              
13              
13              
13              
13              
13              
13              
13              
13              
13              
13              
13              
13              
14              
14              
14              
13              
13              
13              
14              
14              
14              
14              
14              
14              
14              
14              
14              
14              
14              
15              
15              
15              
15              
15              
15              
15              
15              
16              
16              
16              
16              
16              
16              
17              
17              
17              
17              
17              
17              
17              
17              
18              
18              
18              
18              
18              
18              
18              
18              
18              
18              
19              
19              
19              
19              
19              
19              
19              
19              
19              
19              
20              
20              
20              
20              
21              
21              
21              
21              
21              
21              
22              
22              
22              
23              
23              
23              
23              
23              
23              
23              
24              
24              
24              
24              
24              
24              
24              
25              
25              
25              
25              
25              
25              
25              
25              
25              
25              
26              
26              
26              
26              
26              
26              
27              
29              
30              
30              
29              
28              
27              
26              
26              
26              
27              
27              
27              
27              
26              
25              
25              
25              
25              
24              
25              
25              
26              
25              
26              
26              
25              
25              
25              
24              
24              
24              
24              
24              
24              
23              
24              
24              
23              
23              
22              
20              
19              
17              
16              
16              
15              
15              
14              
14              
14              
14              
14              
14              
14              
14              
14              
14              
14              
14              
14              
14              
14              
14              
14              
22              
22              
32              
32              
32              
32              
32              
32              
32              
32              
32              
32              
32              
32              
32              
32              
32              
32              
32              
32              
32              
32              
32              
32              
32              
32              
32              
32              
32              
32              
32              
32              
32              
32              
32              
32              
32              
32              
32              
32              
32              
32              
32              
32              
32              
32              
32              
32              
32              
32              
32              
32              
32              
32              
32              
32              
32              
32              
32              
32              
32              
32              
32              
32              
32              
32              
32              
32              
32              
32              
32              
32              
32              
32              
32              
32              
32              
32              
32              
32              
32              
32              
32              
32              
32              
32              
32              
32              
32              
32              
32              
32              
32              
32              
32              
32              
32              
32              
32              
32              
32              
32              
32              
32              
32              
32              
32              
32              
32              
32              
32              
32              
32              
32              
32              
32              
32              
32              
32              
32              
32              
32              
32              
32              
32              
32              
32              
32              
32              
32              
32              
32              
32              
32              
32              
32              
32              
32              
32              
32              
32              
32              
32              
32              
32              
32              
32              
32              
32              
32              
32              
32              
32              
32              
32              
32              
32              
32              
32              
32              
32              
32              
32              
32              
32              
32              
32              
32              
32              
32              
32              
32              
32              
32              
32              
32              
32              
32              
32              
32              
32              
32              
32              
32              
32              
32              
32              
32              
32              
32              
32              
32              
32              
32              
32              
32              
32              
32              
32              
32              
32              
32              
32              
32              
32              
32              
32              
32              
32              
32              
32              
32              
32              
32              
32              
32              
32              
32              
32              
32              
32              
32              
32              
32              
32              
32              
32              
32              
32              
32              
32              
32              
32              
32              
32              
32              
32              
32              
32              
32              
32              
32              
32              
32              
32              
32              
32              
32              
32              
32              
32              
32              
32              
32              
32              
32              
32              
32              
32              
32              
32              
32              
32              
32              
32              
32              
32              
32              
32              
32              
32              
32              
32              
32              
32              
32              
32              
32              
32              
32              
32              
32              
32              
32              
32              
32              
32              
32              
32              
32              
32              
32              
32              
32              
32              
32              
32              
32              
32              
32              
32              
32              
32              
32              
32              
32              
32              
32              
32              
32              
32              
32              
32              
32              
32              
32              
32              
32              
32              
32              
32              
32              
32              
32              
32              
32              
32              
32              
32              
32              
32              
32              
32              
32              
32              
32              
32              
32              
32              
32              
32              
32              
32              
32              
32              
32              
32              
32              
32              
32              
32              
32              
32              
32              
32              
32              
32              
32              
32              
32              
32              
32              
32              
32              
32              
32              
32              
32              
32              
32              
32              
32              
32              
32              
32              
32              
32              
32              
32              
32              
32              
32              
32              
32              
32              
32              
32              
32              
32              
32              
32              
32              
32              
32              
32              
32              
32              
32              
32              
32              
32              
32              
32              
32              
32              
32              
32              
32              
32              
32              
32              
32              
32              
32              
32              
32              
32              
32              
32              
32              
32              
32              
32              
32              
32              
32              
32              
32              
32              
32              
32              
32              
32              
32              
32              
32              
32              
32              
32              
32              
32              
32              
32              
32              
32              
32              
32              
32              
32              
32              
32              
32              
32              
32              
32              
32              
32              
32              
32              
32              
32              
32              
32              
32              
32              
32              
32              
32              
32              
32              
32              
32              
32              
32              
32              
32              
32              
32              
32              
32              
32              
32              
32              
32              
32              
32              
32              
32              
32              
32              
32              
32              
32              
32              
32              
32              
32              
32              
32              
32              
32              
32              
32              
32              
32              
32              
32              
32              
32              
32              
32              
32              
32              
32              
32              
32              
32              
32              
32              
32              
32              
32              
32              
32              
32              
32              
32              
32              
32              
32              
32              
32              
32              
32              
32              
32              
32              
32              
32              
32              
32              
32              
32              
32              
32              
32              
32              
32              
32              
32              
32              
32              
32              
32              
32              
32              
32              
32              
32              
32              
32              
32              
32              
32              
32              
32              
32              
32              
32              
32              
32              
32              
32              
32              
32              
32              
32              
32              
32              
32              
32              
32              
32              
32              
32              
32              
32              
32              
32              
32              
32              
32              
32              
32              
32              
32              
32              
32              
32              
32              
32              
32              
32              
32              
32              
32              
32              
32              
32              
32              
32              
32              
32              
32              
32              
32              
32              
32              
32              
32              
32              
32              
32              
32              
32              
32              
32              
32              
32              
32              
32              
32              
32              
32              
32              
32              
32              
32              
32              
32              
32              
32              
32              
32              
32              
32              
32              
32              
32              
32              
32              
32              
32              
32              
32              
32              
32              
32              
32              
32              
32              
32              
32              
32              
32              
32              
32              
32              
32              
32              
32              
32              
32              
32              
32              
32              
32              
32              
32              
32              
32              
32              
32              
32              
32              
32              
32              
32              
32              
32              
32              
32              
32              
32              
32              
32              
32              
32              
32              
32              
32              
32              
32              
32              
32              
32              
32              
32              
32              
32              
32              
32              
32              
32              
32              
32              
32              
32              
32              
32              
32              
32              
32              
32              
32              
32              
32              
32              
32              
32              
32              
32              
32              
32              
32              
32              
32              
32              
32              
32              
32              
32              
32              
32              
32              
32              
32              
32              
32              
32              
32              
32              
32              
32              
32              
32              
32              
32              
32              
32              
32              
32              
32              
32              
32              
32              
32              
32              
32              
32              
32              
32              
32              
32              
32              
32              
32              
32              
32              
32              
32              
32              
32              
32              
32              
32              
32              
32              
32              
32              
32              
32              
32              
32              
32              
32              
32              
32              
32              
32              
32              
32              
32              
32              
32              
32              
32              
32              
32              
32              
32              
32              
32              
32              
32              
32              
32              
32              
32              
32              
32              
32              
32              
32              
32              
32              
32              
32              
32              
32              
32              
32              
32              
32              
32              
32              
32              
32              
32              
32              
32              
32              
32              
32              
32              
32              
32              
32              
32              
32              
32              
32              
32              
32              
32              
32              
32              
32              
32              
32              
32              
32              
32              
32              
32              
32              
32              
32              
32              
32              
32              
32              
32              
32              
32              
32              
32              
32              
32              
32              
32              
32              
32              
32              
32              
32              
32              
32              
32              
32              
32              
32              
32              
32              
32              
32              
32              
32              
32              
32              
32              
32              
32              
32              
32              
32              
32              
32              
32              
32              
32              
32              
32              
32              
32              
32              
32              
32              
32              
32              
32              
32              
32              
32              
32              
32              
32              
32              
32              
32              
32              
32              
32              
32              
32              
32              
32              
32              
32              
32              
32              
32              
32              
32              
32              
32              
32              
32              
32              
32              
32              
32              
32              
32              
32              
32              
32              
32              
32              
32              
32              
32              
32              
32              
32              
32              
32              
32              
32              
32              
32              
32              
32              
32              
32              
32              
32              
32              
32              
32              
32              
32              
32              
32              
32              
32              
32              
32              
32              
32              
32              
32              
32              
32              
32              
32              
32              
32              
32              
32              
32              
32              
32              
32              
32              
32              
32              
32              
32              
32              
32              
32              
32              
32              
32              
32              
32              
32              
32              
32              
32              
32              
32              
32              
32              
32              
32              
32              
32              
32              
32              
32              
32              
32              
32              
32              
32              
32              
32              
32              
32              
32              
32              
32              
32              
32              
32              
32              
32              
32              
32              
32              
32              
32              
32              
32              
32              
32              
32              
32              
32              
32              
32              
32              
32              
32              
32              
32              
32              
32              
32              
32              
32              
32              
32              
32              
32              
32              
32              
32              
32              
32              
32              
32              
32              
32              
32              
32              
32              
32              
32              
32              
32              
32              
32              
32              
32              
32              
32              
32              
32              
32              
32              
32              
32              
32              
32              
32              
32              
32              
32              
32              
32              
32              
32              
32              
32              
32              
32              
32              
32              
32              
32              
32              
32              
32              
32              
32              
32              
32              
32              
32              
32              
32              
32              
32              
32              
32              
32              
32              
32              
32              
32              
32              
32              
32              
32              
32              
32              
32              
32              
32              
32              
32              
32              
32              
32              
32              
32              
32              
32              
32              
0               
6553            
32767           
45              
75              
40              
40              
-6              
-6              
0               
1               
250             
0               
0               
32767           
6               
-15             
15              
-78             
-75             
-83             
-86             
-85             
-88             
-92             
-95             
-97             
-98             
-99             
-98             
-96             
-98             
-101            
-101            
-101            
-102            
-102            
-102            
-103            
-103            
-104            
-103            
-103            
-104            
-104            
-105            
-105            
-105            
-105            
-105            
-105            
-105            
-105            
-105            
-105            
-105            
-105            
-105            
-105            
-105            
-106            
-106            
-106            
-106            
-106            
-105            
-106            
-105            
-106            
-106            
-106            
-105            
-106            
-106            
-106            
-106            
-106            
-106            
-106            
-106            
-106            
-107            
-106            
-106            
-106            
-105            
-105            
-105            
-106            
-106            
-106            
-106            
-106            
-106            
-106            
-106            
-106            
-106            
-107            
-105            
-105            
-105            
-105            
-105            
-105            
-105            
-105            
-105            
-105            
-105            
-105            
-105            
-106            
-106            
-106            
-105            
-104            
-105            
-105            
-104            
-104            
-104            
-104            
-105            
-105            
-105            
-105            
-105            
-105            
-105            
-105            
-104            
-104            
-104            
-104            
-104            
-104            
-104            
-104            
-104            
-104            
-104            
-104            
-105            
-104            
-104            
-104            
-103            
-103            
-103            
-103            
-103            
-103            
-103            
-103            
-104            
-103            
-103            
-103            
-103            
-103            
-103            
-103            
-103            
-102            
-102            
-102            
-103            
-103            
-102            
-102            
-103            
-103            
-102            
-102            
-102            
-102            
-102            
-102            
-102            
-101            
-102            
-101            
-101            
-102            
-101            
-101            
-101            
-101            
-101            
-101            
-101            
-101            
-101            
-101            
-101            
-101            
-102            
-102            
-101            
-102            
-101            
-102            
-101            
-101            
-102            
-101            
-101            
-101            
-101            
-101            
-101            
-101            
-102            
-101            
-101            
-102            
-101            
-101            
-101            
-102            
-102            
-101            
-101            
-102            
-102            
-101            
-101            
-101            
-101            
-101            
-101            
-101            
-101            
-101            
-102            
-102            
-102            
-101            
-101            
-101            
-101            
-101            
-101            
-101            
-101            
-102            
-101            
-101            
-101            
-101            
-100            
-100            
-101            
-101            
-101            
-101            
-102            
-101            
-101            
-100            
-101            
-101            
-102            
-101            
-101            
-101            
-101            
-101            
-101            
-101            
-101            
-101            
-101            
-101            
-101            
-101            
-101            
-100            
-100            
-101            
-101            
-101            
-100            
-100            
-101            
-101            
-101            
-100            
-100            
-100            
-101            
-101            
-100            
-101            
-101            
-100            
-101            
-100            
-100            
-100            
-101            
-101            
-100            
-100            
-100            
-100            
-101            
-100            
-100            
-100            
-100            
-100            
-100            
-99             
-100            
-100            
-100            
-100            
-99             
-100            
-100            
-99             
-99             
-99             
-99             
-99             
-99             
-99             
-98             
-99             
-99             
-99             
-99             
-98             
-98             
-98             
-98             
-99             
-98             
-98             
-98             
-98             
-98             
-98             
-98             
-98             
-98             
-98             
-98             
-98             
-98             
-98             
-98             
-98             
-98             
-98             
-98             
-98             
-98             
-98             
-98             
-98             
-98             
-98             
-99             
-99             
-98             
-98             
-98             
-99             
-99             
-99             
-99             
-99             
-99             
-99             
-99             
-98             
-99             
-99             
-99             
-98             
-98             
-98             
-99             
-98             
-99             
-99             
-99             
-99             
-100            
-100            
-100            
-101            
-101            
-101            
-101            
-101            
-101            
-101            
-101            
-101            
-101            
-101            
-101            
-101            
-102            
-102            
-101            
-101            
-101            
-101            
-102            
-102            
-102            
-102            
-101            
-101            
-101            
-102            
-101            
-101            
-101            
-102            
-102            
-101            
-101            
-101            
-101            
-101            
-101            
-101            
-101            
-102            
-102            
-102            
-102            
-102            
-102            
-102            
-102            
-102            
-102            
-102            
-102            
-102            
-101            
-102            
-101            
-102            
-101            
-101            
-101            
-101            
-102            
-102            
-102            
-102            
-102            
-102            
-102            
-102            
-101            
-102            
-102            
-102            
-102            
-101            
-102            
-102            
-102            
-102            
-102            
-102            
-102            
-102            
-102            
-102            
-102            
-103            
-102            
-102            
-102            
-102            
-102            
-102            
-102            
-101            
-102            
-102            
-101            
-102            
-102            
-102            
-102            
-102            
-102            
-102            
-102            
-102            
-102            
-102            
-102            
-102            
-102            
-102            
-90             
-90             
-90             
-90             
-90             
-90             
-90             
-90             
-90             
-90             
-90             
-90             
-90             
-90             
-90             
-90             
-90             
-90             
-90             
-90             
-90             
-90             
-90             
-90             
-77             
-75             
-83             
-86             
-85             
-88             
-91             
-95             
-96             
-98             
-99             
-99             
-97             
-100            
-101            
-101            
-101            
-102            
-102            
-103            
-103            
-103            
-104            
-104            
-103            
-104            
-105            
-104            
-104            
-104            
-105            
-105            
-105            
-105            
-105            
-105            
-105            
-105            
-105            
-105            
-106            
-106            
-105            
-106            
-107            
-106            
-106            
-106            
-106            
-105            
-106            
-105            
-105            
-106            
-105            
-106            
-106            
-106            
-106            
-106            
-107            
-106            
-107            
-106            
-106            
-105            
-105            
-106            
-105            
-105            
-106            
-105            
-106            
-106            
-106            
-106            
-106            
-106            
-106            
-106            
-106            
-105            
-105            
-105            
-106            
-106            
-105            
-106            
-105            
-105            
-105            
-105            
-105            
-105            
-105            
-105            
-106            
-104            
-104            
-105            
-105            
-105            
-105            
-105            
-105            
-105            
-105            
-105            
-105            
-104            
-105            
-105            
-105            
-104            
-104            
-104            
-104            
-104            
-104            
-104            
-104            
-104            
-105            
-104            
-104            
-104            
-104            
-104            
-104            
-103            
-103            
-103            
-103            
-103            
-103            
-104            
-104            
-103            
-103            
-103            
-103            
-104            
-104            
-103            
-103            
-102            
-103            
-103            
-102            
-102            
-102            
-103            
-103            
-102            
-102            
-102            
-103            
-103            
-103            
-102            
-102            
-101            
-101            
-101            
-101            
-101            
-101            
-102            
-102            
-102            
-102            
-101            
-101            
-102            
-101            
-101            
-101            
-101            
-101            
-101            
-102            
-101            
-101            
-101            
-101            
-101            
-102            
-101            
-101            
-101            
-102            
-102            
-101            
-101            
-101            
-101            
-101            
-101            
-101            
-101            
-102            
-102            
-101            
-102            
-102            
-101            
-101            
-101            
-101            
-101            
-102            
-101            
-102            
-102            
-102            
-101            
-101            
-101            
-101            
-101            
-101            
-102            
-101            
-101            
-101            
-101            
-101            
-101            
-101            
-102            
-101            
-100            
-101            
-101            
-100            
-101            
-101            
-101            
-101            
-101            
-101            
-101            
-101            
-101            
-101            
-101            
-101            
-101            
-101            
-101            
-101            
-101            
-101            
-101            
-101            
-101            
-101            
-101            
-101            
-101            
-101            
-101            
-101            
-101            
-101            
-101            
-100            
-100            
-100            
-100            
-100            
-100            
-100            
-100            
-100            
-100            
-100            
-100            
-100            
-100            
-100            
-100            
-99             
-100            
-100            
-100            
-100            
-99             
-99             
-99             
-99             
-99             
-98             
-99             
-99             
-99             
-99             
-98             
-99             
-98             
-98             
-98             
-98             
-98             
-98             
-97             
-96             
-96             
-96             
-96             
-96             
-96             
-96             
-96             
-96             
-97             
-97             
-97             
-97             
-97             
-97             
-97             
-97             
-97             
-97             
-97             
-97             
-98             
-97             
-98             
-98             
-98             
-98             
-98             
-99             
-98             
-99             
-98             
-99             
-99             
-99             
-99             
-99             
-99             
-99             
-100            
-99             
-100            
-100            
-100            
-100            
-100            
-100            
-100            
-100            
-101            
-101            
-100            
-101            
-101            
-101            
-101            
-100            
-101            
-101            
-101            
-101            
-101            
-101            
-101            
-101            
-101            
-101            
-101            
-102            
-101            
-101            
-101            
-101            
-101            
-101            
-102            
-101            
-101            
-102            
-102            
-101            
-101            
-101            
-102            
-101            
-102            
-102            
-101            
-101            
-101            
-102            
-101            
-101            
-101            
-101            
-102            
-102            
-101            
-102            
-102            
-101            
-101            
-101            
-102            
-101            
-102            
-102            
-102            
-102            
-102            
-102            
-102            
-102            
-102            
-102            
-102            
-102            
-102            
-102            
-102            
-102            
-102            
-102            
-102            
-102            
-101            
-101            
-101            
-101            
-102            
-102            
-101            
-102            
-102            
-101            
-102            
-102            
-102            
-102            
-102            
-102            
-102            
-102            
-102            
-102            
-102            
-102            
-102            
-102            
-101            
-102            
-102            
-102            
-102            
-102            
-102            
-101            
-102            
-102            
-102            
-102            
-102            
-102            
-102            
-102            
-101            
-102            
-102            
-102            
-102            
-102            
-102            
-102            
-102            
-102            
-101            
-101            
-101            
-102            
-102            
-101            
-101            
-102            
-90             
-90             
-90             
-90             
-90             
-90             
-90             
-90             
-90             
-90             
-90             
-90             
-90             
-90             
-90             
-90             
-90             
-90             
-90             
-90             
-90             
-90             
-90             
-90             
-144            
-144            
-144            
-144            
-144            
-144            
-144            
-144            
-144            
-144            
-144            
-144            
-144            
-144            
-144            
-144            
-144            
-144            
-144            
-144            
-144            
-144            
-144            
-144            
-144            
-144            
-144            
-144            
-144            
-144            
-144            
-144            
-144            
-144            
-144            
-144            
-144            
-144            
-144            
-144            
-144            
-144            
-144            
-144            
-144            
-144            
-144            
-144            
-144            
-144            
-144            
-144            
-144            
-144            
-144            
-144            
-144            
-144            
-144            
-144            
-144            
-144            
-144            
-144            
-144            
-144            
-144            
-144            
-144            
-144            
-144            
-144            
-144            
-144            
-144            
-144            
-144            
-144            
-144            
-144            
-144            
-144            
-144            
-144            
-144            
-144            
-144            
-144            
-144            
-144            
-144            
-144            
-144            
-144            
-144            
-144            
-144            
-144            
-144            
-144            
-144            
-144            
-144            
-144            
-144            
-144            
-144            
-144            
-144            
-144            
-144            
-144            
-144            
-144            
-144            
-144            
-144            
-144            
-144            
-144            
-144            
-144            
-144            
-144            
-144            
-144            
-144            
-144            
-144            
-144            
-144            
-144            
-144            
-144            
-144            
-144            
-144            
-144            
-144            
-144            
-144            
-144            
-144            
-144            
-144            
-144            
-144            
-144            
-144            
-144            
-144            
-144            
-144            
-144            
-144            
-144            
-144            
-144            
-144            
-144            
-144            
-144            
-144            
-144            
-144            
-144            
-144            
-144            
-144            
-144            
-144            
-144            
-144            
-144            
-144            
-144            
-144            
-144            
-144            
-144            
-144            
-144            
-144            
-144            
-144            
-144            
-144            
-144            
-144            
-144            
-144            
-144            
-144            
-144            
-144            
-144            
-144            
-144            
-144            
-144            
-144            
-144            
-144            
-144            
-144            
-144            
-144            
-144            
-144            
-144            
-144            
-144            
-144            
-144            
-144            
-144            
-144            
-144            
-144            
-144            
-144            
-144            
-144            
-144            
-144            
-144            
-144            
-144            
-144            
-144            
-144            
-144            
-144            
-144            
-144            
-144            
-144            
-144            
-144            
-144            
-144            
-144            
-144            
-144            
-144            
-144            
-144            
-144            
-144            
-144            
-144            
-144            
-144            
-144            
-144            
-144            
-144            
-144            
-144            
-144            
-144            
-144            
-144            
-144            
-144            
-144            
-144            
-144            
-144            
-144            
-144            
-144            
-144            
-144            
-144            
-144            
-144            
-144            
-144            
-144            
-144            
-144            
-144            
-144            
-144            
-144            
-144            
-144            
-144            
-144            
-144            
-144            
-144            
-144            
-144            
-144            
-144            
-144            
-144            
-144            
-144            
-144            
-144            
-144            
-144            
-144            
-144            
-144            
-144            
-144            
-144            
-144            
-144            
-144            
-144            
-144            
-144            
-144            
-144            
-144            
-144            
-144            
-144            
-144            
-144            
-144            
-144            
-144            
-144            
-144            
-144            
-144            
-144            
-144            
-144            
-144            
-144            
-144            
-144            
-144            
-144            
-144            
-144            
-144            
-144            
-144            
-144            
-144            
-144            
-144            
-144            
-144            
-144            
-144            
-144            
-144            
-144            
-144            
-144            
-144            
-144            
-144            
-144            
-144            
-144            
-144            
-144            
-144            
-144            
-144            
-144            
-144            
-144            
-144            
-144            
-144            
-144            
-144            
-144            
-144            
-144            
-144            
-144            
-144            
-144            
-144            
-144            
-144            
-144            
-144            
-144            
-144            
-144            
-144            
-144            
-144            
-144            
-144            
-144            
-144            
-144            
-144            
-144            
-144            
-144            
-144            
-144            
-144            
-144            
-144            
-144            
-144            
-144            
-144            
-144            
-144            
-144            
-144            
-144            
-144            
-144            
-144            
-144            
-144            
-144            
-144            
-144            
-144            
-144            
-144            
-144            
-144            
-144            
-144            
-144            
-144            
-144            
-144            
-144            
-144            
-144            
-144            
-144            
-144            
-144            
-144            
-144            
-144            
-144            
-144            
-144            
-144            
-144            
-144            
-144            
-144            
-144            
-144            
-144            
-144            
-144            
-144            
-144            
-144            
-144            
-144            
-144            
-144            
-144            
-144            
-144            
-144            
-144            
-144            
-144            
-144            
-144            
-144            
-144            
-144            
-144            
-144            
-144            
-144            
-144            
-144            
-144            
-144            
-144            
-144            
-144            
-144            
-144            
-144            
-144            
-144            
-144            
-144            
-144            
-144            
-144            
-144            
-144            
-144            
-144            
-144            
-144            
-144            
-144            
-144            
-144            
-144            
-144            
-144            
-144            
-144            
-144            
-144            
-144            
-144            
-144            
-144            
-144            
-144            
-144            
-144            
-144            
-144            
-144            
-144            
-144            
-144            
-144            
-144            
-144            
-144            
-144            
-144            
-144            
-144            
-144            
-144            
-144            
-144            
-144            
-144            
-144            
-144            
-144            
-144            
-144            
-144            
-144            
-144            
-144            
-144            
-144            
-144            
-144            
-144            
-144            
-144            
-144            
-144            
-144            
-144            
-144            
-144            
-144            
-144            
-144            
-144            
-144            
-144            
-144            
-144            
-144            
-144            
-144            
-144            
-144            
-144            
-144            
-144            
-144            
-144            
-144            
-144            
-144            
-144            
-144            
-144            
-144            
-144            
-144            
-144            
-144            
-144            
-144            
-144            
-144            
-144            
-144            
-144            
-144            
-144            
-144            
-144            
-144            
-144            
-144            
-144            
-144            
-144            
-144            
-144            
-144            
-144            
-144            
-144            
-144            
-144            
-144            
-144            
-144            
-144            
-144            
-144            
-144            
-144            
-144            
-144            
-144            
-144            
-144            
-144            
-144            
-144            
-144            
-144            
-144            
-144            
-144            
-144            
-144            
-144            
-144            
-144            
-144            
-144            
-144            
-144            
-144            
-144            
-144            
-144            
-144            
-144            
-144            
-144            
-144            
-144            
-144            
-144            
-144            
-144            
-144            
-144            
-144            
-144            
-144            
-144            
-144            
-144            
-144            
-144            
-144            
-144            
-144            
-144            
-144            
-144            
-144            
-144            
-144            
-144            
-144            
-144            
-144            
-144            
-144            
-144            
-144            
-144            
-144            
-144            
-144            
-144            
-144            
-144            
-144            
-144            
-144            
-144            
-144            
-144            
-144            
-144            
-144            
-144            
-144            
-144            
-144            
-144            
-144            
-144            
-144            
-144            
-144            
-144            
-144            
-144            
-144            
-144            
-144            
-144            
-144            
-144            
-144            
-144            
-144            
-144            
-144            
-144            
-144            
-144            
-144            
-144            
-144            
-144            
-144            
-144            
-144            
-144            
-144            
-144            
-144            
-144            
-144            
-144            
-144            
-144            
-144            
-144            
-144            
-144            
-144            
-144            
-144            
-144            
-144            
-144            
-144            
-144            
-144            
-144            
-144            
-144            
-144            
-144            
-144            
-144            
-144            
-144            
-144            
-144            
-144            
-144            
-144            
-144            
-144            
-144            
-144            
-144            
-144            
-144            
-144            
-144            
-144            
-144            
-144            
-144            
-144            
-144            
-144            
-144            
-144            
-144            
-144            
-144            
-144            
-144            
-144            
-144            
-144            
-144            
-144            
-144            
-144            
-144            
-144            
-144            
-144            
-144            
-144            
-144            
-144            
-144            
-144            
-144            
-144            
-144            
-144            
-144            
-144            
-144            
-144            
-144            
-144            
-144            
-144            
-144            
-144            
-144            
-144            
-144            
-144            
-144            
-144            
-144            
-144            
-144            
-144            
-144            
-144            
-144            
-144            
-144            
-144            
-144            
-144            
-144            
-144            
-144            
-144            
-144            
-144            
-144            
-144            
-144            
-144            
-144            
-144            
-144            
-144            
-144            
-144            
-144            
-144            
-144            
-144            
-144            
-144            
-144            
-144            
-144            
-144            
-144            
-144            
-144            
-144            
-144            
-144            
-144            
-144            
-144            
-144            
-144            
-144            
-144            
-144            
-144            
-144            
-144            
-144            
-144            
-144            
-144            
-144            
-144            
-144            
-144            
-144            
-144            
-144            
-144            
-144            
-144            
-144            
-144            
-144            
-144            
-144            
-144            
-144            
-144            
-144            
-144            
-144            
-144            
-144            
-144            
-144            
-144            
-144            
-144            
-144            
-144            
-144            
-144            
-144            
-144            
-144            
-144            
-144            
-144            
-144            
-144            
-144            
-144            
-144            
-144            
-144            
-144            
-144            
-144            
-144            
-144            
-144            
-144            
-144            
-144            
-144            
-144            
-144            
-144            
-144            
-144            
-144            
-144            
-144            
-144            
-144            
-144            
-144            
-144            
-144            
-144            
-144            
-144            
-144            
-144            
-144            
-144            
-144            
-144            
-144            
-144            
-144            
-144            
-144            
-144            
-144            
-144            
-144            
-144            
-144            
-144            
-144            
-144            
-144            
-144            
-144            
-144            
-144            
-144            
-144            
-144            
-144            
-144            
-144            
-144            
-144            
-144            
-144            
-144            
-144            
-144            
-144            
-144            
-144            
-144            
-144            
-144            
-144            
-144            
-144            
-144            
-144            
-144            
-144            
-144            
-144            
-144            
-144            
-144            
0               
0               
8               
0               
-8              
1               
0               
-12             
0               
9174            
0               
-15             
-3              
-20             
0               
9830            
1638            
655             
0               
-20             
0               
-6              
300             
300             
0               
0               
0               
0               
32767           
0               
0               
10976           
0               
-96             
28642           
0               
0               
-13             
16384           
16384           
16384           
16384           
16384           
-12             
-18             
96              
440             
6826            
6826            
6826            
6826            
6826            
0               
1               
10              
60              
-15             
-15             
1               
0               
-6              
-6              
1000            
1000            
6               
6               
0               
0               
300             
0               
100             
1               
0               
20              
1               
50              
0               
5               
0               
1777            
700             
0               
0               
0               
0               
3               
10              
1               
0               
5000            
1000            
0               
0               
0               
0               
3               
10              
1               
0               
6800            
600             
0               
0               
0               
0               
3               
10              
1               
0               
20              
96              
0               
0               
0               
0               
3               
10              
1               
0               
20              
96              
0               
0               
0               
0               
3               
10              
1               
0               
20              
96              
0               
0               
0               
0               
3               
10              
1               
0               
20              
96              
0               
0               
0               
0               
3               
10              
1               
0               
20              
96              
0               
0               
0               
0               
3               
10              
1               
0               
20              
96              
0               
0               
0               
0               
3               
10              
1               
0               
20              
96              
0               
0               
0               
0               
3               
10              
1               
2               
0               
200             
100             
-16             
2000            
100             
-16             
1               
1               
20              
5               
0               
20              
0               
0               
2000            
5000            
0               
-96             
-80             
-50             
-30             
0               
-96             
-80             
-50             
-30             
0               
1               
0               
120             
5               
0               
20              
0               
0               
5000            
60000           
0               
-96             
-33             
-25             
-15             
0               
-96             
-33             
-33             
-33             
-33             
1               
0               
20              
2               
1               
20              
0               
0               
10000           
10000           
0               
-96             
0               
0               
0               
0               
-96             
0               
0               
0               
0               
1               
0               
20              
2               
1               
20              
0               
0               
10000           
10000           
0               
-96             
0               
0               
0               
0               
-96             
0               
0               
0               
0               
1               
0               
20              
2               
1               
20              
0               
0               
10000           
10000           
0               
-96             
0               
0               
0               
0               
-96             
0               
0               
0               
0               
1               
0               
1               
20              
5               
0               
20              
0               
0               
2000            
5000            
0               
-96             
-80             
-50             
-30             
0               
-86             
-70             
-40             
-25             
-25             
0               
0               
1               
-1              
20              
0               
0               
90              
75              
100             
10              
10              
0               
0               
-20             
-20             
-96             
-20             
-6              
1               
50              
30              
500             
0               
1               
2               
3               
0               
1               
2               
3               
0               
0               
0               
0               
0               
-30             
0               
100             
96              
86              
6826            
6826            
6826            
6826            
6826            
6826            
6826            
6826            
6826            
6826            
0               
300             
100             
100             
600             
0               
0               

// Volume 0
